1	2.08757	1.75566
3	1.41679	1.4647
5	1.16888	1.19243
7	1.04493	1.05965
9	0.972765	0.988292
11	0.922997	0.94096
13	0.904715	0.943437
15	0.8767	0.928657
17	0.852431	0.907597
19	0.83221	0.888894
21	0.816406	0.876046
23	0.80048	0.862138
25	0.788384	0.852683
27	0.776724	0.842374
29	0.788588	0.930065
31	0.784803	0.919001
33	0.776489	0.907022
35	0.769935	0.899018
37	0.763541	0.891946
39	0.756577	0.887072
41	0.749837	0.880223
43	0.772288	0.949448
45	0.777033	0.939434
47	0.773323	0.935223
49	0.767511	0.924729
51	0.762745	0.923739
53	0.758182	0.918225
55	0.753648	0.913573
57	0.749685	0.908125
59	0.779627	0.959396
61	0.784905	0.959198
63	0.780864	0.954393
65	0.777115	0.951338
67	0.772233	0.946067
69	0.769457	0.939829
71	0.765362	0.939511
1	2.10644	1.72002
3	1.40877	1.4472
5	1.16876	1.18609
7	1.05033	1.05691
9	0.976924	0.985515
11	0.926067	0.939962
13	0.88887	0.905954
15	0.860434	0.879524
17	0.837746	0.858936
19	0.817578	0.8426
21	0.801816	0.826339
23	0.787498	0.812717
25	0.774369	0.802073
27	0.762944	0.793184
29	0.752304	0.782439
31	0.743004	0.77421
33	0.735579	0.766437
35	0.727589	0.758766
37	0.720343	0.75471
39	0.714234	0.746955
41	0.718563	0.82336
43	0.717681	0.816678
45	0.71335	0.807308
47	0.708855	0.802858
49	0.703836	0.796592
51	0.699814	0.790023
53	0.695844	0.786352
55	0.691045	0.781137
57	0.688457	0.775934
59	0.684574	0.773827
61	0.680736	0.766556
63	0.677669	0.765276
65	0.673753	0.760917
67	0.670431	0.757248
69	0.667664	0.753961
71	0.664616	0.75208
73	0.662345	0.748396
75	0.660433	0.746171
77	0.657549	0.744301
79	0.654812	0.739282
81	0.653094	0.73953
83	0.65097	0.734744
85	0.648438	0.730701
87	0.646112	0.731465
89	0.644249	0.728029
91	0.642388	0.724146
93	0.639979	0.724775
95	0.63863	0.721981
97	0.635921	0.716792
99	0.634742	0.71748
101	0.633085	0.715055
103	0.630856	0.712484
105	0.629353	0.712539
107	0.627704	0.709344
109	0.625967	0.708048
111	0.624712	0.70491
113	0.623103	0.703163
115	0.62179	0.702845
117	0.61982	0.698784
119	0.618892	0.69691
121	0.617281	0.696011
123	0.615458	0.691691
125	0.615075	0.695091
127	0.613685	0.691279
129	0.612331	0.69312
131	0.611065	0.68943
133	0.609519	0.686712
135	0.608197	0.68508
137	0.607537	0.682607
139	0.606359	0.683379
141	0.604665	0.678256
143	0.603323	0.680834
145	0.602102	0.677674
147	0.601176	0.676042
149	0.600153	0.673582
151	0.598706	0.674436
153	0.598156	0.67174
155	0.596992	0.66975
157	0.595683	0.669867
159	0.595083	0.668355
161	0.593843	0.666082
163	0.593052	0.665588
165	0.592577	0.663209
167	0.591133	0.662581
169	0.590071	0.659847
171	0.589157	0.658234
173	0.588497	0.659807
175	0.5875	0.657707
177	0.58643	0.65473
179	0.585777	0.65411
181	0.584729	0.654521
183	0.584048	0.652532
185	0.583423	0.653147
187	0.58256	0.648661
189	0.581961	0.649937
191	0.580993	0.647256
193	0.579834	0.646466
195	0.579286	0.645753
197	0.578356	0.644158
199	0.577423	0.642752
201	0.576995	0.644045
203	0.576201	0.641832
205	0.575616	0.640599
207	0.575209	0.640556
209	0.574543	0.637266
211	0.573546	0.635179
213	0.572866	0.635465
215	0.572314	0.634199
217	0.571604	0.632896
219	0.57071	0.631382
221	0.570239	0.629358
223	0.569623	0.6297
225	0.56891	0.628005
227	0.568349	0.628878
229	0.567548	0.629553
231	0.566649	0.624782
233	0.566307	0.623096
235	0.565495	0.625363
237	0.565139	0.62441
239	0.564464	0.62344
241	0.564141	0.622011
243	0.563763	0.621265
245	0.562826	0.619682
247	0.562333	0.618059
249	0.561307	0.617135
251	0.561094	0.619378
253	0.560838	0.615315
255	0.560061	0.617266
257	0.559622	0.61435
259	0.559043	0.614013
261	0.558462	0.613308
263	0.557882	0.612655
265	0.557687	0.609696
267	0.557521	0.612242
269	0.556517	0.610647
271	0.555646	0.609329
273	0.555474	0.610607
275	0.555297	0.609908
277	0.554497	0.60467
279	0.55401	0.605089
281	0.553875	0.601855
283	0.553384	0.60483
285	0.552645	0.601975
287	0.551918	0.6013
289	0.551602	0.601547
291	0.551202	0.598613
293	0.55101	0.599219
295	0.550336	0.598601
297	0.549531	0.59485
299	0.549369	0.596841
301	0.548786	0.59737
303	0.54807	0.593771
305	0.547682	0.594639
307	0.547545	0.592489
309	0.547273	0.591713
311	0.54686	0.592333
313	0.546592	0.59126
315	0.546103	0.591288
317	0.54575	0.588479
319	0.54561	0.590705
321	0.545209	0.58898
323	0.544873	0.586799
325	0.544523	0.58635
327	0.54402	0.58547
329	0.543443	0.583935
331	0.543495	0.584329
333	0.55354	0.681017
335	0.563314	0.670846
337	0.565652	0.670415
339	0.565939	0.667037
341	0.565324	0.665404
343	0.565213	0.663033
345	0.564731	0.660794
347	0.564726	0.661948
349	0.563936	0.661633
351	0.563809	0.657366
353	0.563314	0.658078
355	0.562783	0.656326
357	0.562472	0.656646
359	0.562275	0.657061
361	0.561386	0.654618
363	0.560622	0.654586
365	0.56062	0.650972
367	0.5607	0.65165
369	0.560578	0.649802
371	0.560208	0.649349
373	0.559048	0.646266
375	0.55915	0.649865
377	0.558706	0.649453
379	0.558303	0.645795
381	0.558222	0.646547
383	0.557766	0.64317
385	0.557163	0.645754
1	2.16388	1.76554
3	1.72899	1.80623
5	1.45909	1.4721
7	1.27964	1.28502
9	1.1529	1.16982
11	1.06304	1.08855
13	0.996092	1.03097
15	0.946253	0.988483
17	0.911609	0.955839
19	0.88279	0.929832
21	0.860867	0.907482
23	0.841898	0.892531
25	0.826123	0.878065
27	0.810261	0.860841
29	0.798618	0.853856
31	0.802661	0.92501
33	0.793975	0.910172
35	0.783843	0.899478
37	0.775582	0.891241
39	0.766174	0.879636
41	0.759261	0.873061
43	0.751818	0.865195
45	0.74562	0.857637
47	0.739801	0.85433
49	0.733303	0.847932
51	0.727542	0.843089
53	0.723201	0.836388
55	0.718256	0.82879
57	0.713467	0.82573
59	0.710061	0.823578
61	0.706033	0.817971
63	0.702382	0.814187
65	0.698388	0.808409
67	0.694444	0.804953
69	0.691221	0.802831
71	0.688567	0.800172
73	0.686191	0.796643
75	0.682777	0.794587
77	0.680615	0.789202
79	0.677317	0.786569
81	0.674755	0.784974
83	0.67342	0.783443
85	0.669582	0.777767
87	0.667988	0.774475
89	0.66657	0.776372
91	0.66358	0.769026
93	0.661512	0.770972
95	0.658794	0.764903
97	0.658125	0.762601
99	0.656082	0.760694
101	0.653745	0.757846
103	0.651707	0.757865
105	0.650267	0.753239
107	0.670226	0.842594
109	0.680908	0.832375
111	0.681074	0.830287
113	0.67761	0.824569
115	0.676233	0.823403
117	0.672438	0.817968
119	0.671843	0.817741
121	0.670003	0.816142
123	0.668593	0.812587
125	0.668135	0.811558
127	0.666462	0.808181
129	0.664965	0.806701
131	0.662443	0.80317
133	0.662381	0.802996
135	0.658997	0.798871
137	0.658822	0.797534
139	0.657255	0.793869
141	0.655441	0.79562
143	0.653722	0.793911
145	0.652647	0.790451
147	0.651413	0.787169
149	0.650289	0.788765
151	0.648845	0.785321
153	0.648631	0.786283
155	0.645867	0.782228
157	0.64556	0.782563
159	0.644546	0.781042
161	0.643468	0.777265
163	0.641427	0.77631
165	0.641175	0.776603
167	0.639342	0.77521
169	0.638036	0.771247
171	0.637071	0.773704
173	0.636784	0.771516
175	0.634856	0.766689
177	0.634008	0.763761
179	0.633999	0.766172
181	0.632382	0.764284
183	0.631725	0.761781
185	0.630519	0.761231
187	0.630342	0.761934
189	0.629081	0.758591
191	0.628319	0.758457
193	0.626394	0.75729
195	0.625657	0.756081
197	0.624981	0.755407
199	0.623703	0.752725
201	0.622523	0.751793
203	0.622406	0.752439
205	0.621852	0.748326
207	0.621891	0.749305
209	0.620485	0.748311
211	0.618378	0.744493
213	0.619047	0.745409
215	0.617803	0.743875
217	0.615996	0.743859
219	0.616152	0.742303
221	0.615482	0.739946
223	0.614311	0.739138
225	0.61369	0.737034
227	0.612232	0.736805
229	0.612217	0.734013
231	0.612367	0.737825
233	0.611365	0.732959
235	0.610471	0.732566
237	0.60899	0.730836
239	0.608583	0.731714
241	0.608407	0.729811
243	0.607119	0.727112
245	0.605996	0.726719
247	0.605491	0.72596
249	0.605225	0.723396
251	0.604755	0.726373
253	0.603858	0.720444
255	0.603604	0.720486
257	0.603042	0.719153
259	0.602219	0.719592
261	0.601145	0.719523
263	0.600565	0.717974
265	0.599371	0.715212
267	0.599798	0.719061
269	0.599054	0.715395
271	0.598361	0.71417
273	0.598062	0.713878
275	0.59699	0.712145
277	0.596545	0.710511
279	0.595392	0.710887
281	0.595706	0.708808
283	0.594659	0.70624
285	0.594234	0.708857
287	0.593379	0.706915
289	0.593161	0.707133
291	0.592645	0.707269
293	0.591489	0.705303
295	0.591405	0.703714
297	0.591166	0.702894
299	0.590079	0.700078
301	0.589649	0.70031
303	0.58927	0.698493
305	0.588994	0.701112
307	0.588041	0.697862
309	0.587907	0.698603
311	0.587444	0.696595
313	0.58694	0.69486
315	0.585994	0.693722
317	0.585752	0.695584
319	0.585684	0.691193
321	0.584304	0.6918
323	0.584782	0.692581
325	0.583282	0.688947
327	0.583545	0.688978
329	0.583122	0.689009
331	0.582533	0.687012
333	0.58202	0.685062
335	0.581601	0.68981
337	0.581466	0.688015
339	0.580891	0.68488
341	0.580011	0.680744
343	0.579355	0.6812
345	0.579162	0.683006
347	0.579055	0.682986
349	0.579242	0.680788
351	0.578778	0.679258
353	0.577334	0.67775
355	0.577397	0.679531
357	0.576539	0.677348
359	0.576954	0.6757
361	0.576386	0.675851
363	0.576188	0.675145
365	0.574931	0.671313
367	0.574582	0.673341
369	0.574498	0.672836
371	0.574323	0.673444
373	0.573113	0.669765
375	0.572599	0.671075
377	0.573198	0.668402
379	0.572444	0.669188
381	0.571276	0.66293
383	0.571159	0.664917
385	0.571398	0.66911
387	0.570579	0.667266
389	0.570019	0.664524
391	0.570338	0.662684
393	0.570068	0.663891
395	0.569123	0.65998
397	0.569305	0.662598
399	0.568306	0.663112
401	0.568432	0.660631
403	0.56804	0.662111
405	0.568065	0.657875
407	0.566697	0.656422
409	0.566526	0.657919
411	0.567002	0.656538
413	0.566329	0.656227
415	0.566059	0.654919
417	0.565591	0.654654
419	0.565105	0.653585
421	0.564904	0.653479
423	0.564048	0.651668
425	0.563802	0.651763
427	0.563974	0.650864
429	0.563639	0.650229
431	0.56352	0.650958
433	0.56347	0.649328
435	0.562355	0.647688
437	0.562608	0.64818
439	0.562433	0.647669
441	0.561165	0.643977
443	0.561483	0.64776
445	0.561197	0.645765
447	0.560529	0.64374
449	0.560448	0.642414
451	0.560167	0.642387
453	0.55966	0.641751
455	0.559557	0.640452
457	0.558716	0.640081
459	0.558363	0.63891
461	0.558198	0.638112
463	0.557645	0.639448
465	0.557237	0.636985
467	0.557774	0.636668
469	0.556626	0.635143
471	0.55692	0.637519
473	0.556249	0.636388
475	0.555981	0.635057
477	0.55668	0.633482
479	0.556291	0.631898
481	0.555697	0.631148
483	0.556148	0.633867
485	0.555822	0.632651
487	0.555115	0.629177
489	0.555419	0.63031
491	0.554686	0.629914
493	0.55472	0.629617
495	0.554561	0.626879
497	0.553813	0.627846
499	0.553761	0.627771
501	0.55325	0.624961
503	0.554066	0.628072
505	0.553386	0.622636
507	0.552953	0.626397
509	0.552625	0.62421
511	0.552596	0.62339
513	0.552604	0.622781
515	0.552437	0.621981
517	0.552633	0.622767
519	0.552243	0.61989
521	0.551534	0.622561
523	0.551724	0.620997
525	0.550908	0.620033
527	0.55092	0.618065
529	0.550268	0.616267
531	0.550367	0.619356
533	0.550131	0.615126
535	0.549795	0.616544
537	0.550076	0.613456
539	0.55052	0.612363
541	0.549924	0.615709
543	0.549901	0.614107
545	0.548904	0.61214
547	0.548351	0.612717
549	0.548537	0.61244
551	0.548254	0.610265
553	0.548316	0.609314
555	0.548138	0.61004
557	0.547744	0.609727
559	0.547407	0.608873
561	0.547291	0.608977
563	0.547157	0.610204
565	0.547293	0.608581
567	0.546903	0.607146
569	0.546704	0.605088
571	0.546758	0.608956
573	0.546472	0.606102
575	0.546315	0.602666
577	0.546362	0.60314
579	0.546303	0.604617
581	0.546311	0.603384
583	0.545939	0.600148
585	0.545828	0.605542
587	0.545935	0.600937
589	0.545855	0.600198
591	0.545737	0.599045
593	0.544993	0.599129
595	0.544772	0.597887
597	0.544269	0.602056
599	0.544736	0.596952
601	0.544406	0.599032
603	0.544046	0.595335
605	0.543761	0.595797
607	0.543397	0.595279
609	0.543726	0.595028
611	0.543049	0.592884
613	0.543384	0.594741
615	0.543404	0.5926
617	0.543679	0.593319
619	0.544186	0.595232
621	0.543138	0.591215
623	0.543291	0.591045
625	0.542545	0.588003
627	0.542701	0.592126
629	0.542609	0.589116
631	0.542774	0.587912
633	0.542618	0.588096
635	0.54215	0.589959
637	0.542086	0.587307
639	0.542356	0.588852
641	0.541786	0.58647
643	0.54151	0.586491
645	0.542064	0.587043
647	0.541607	0.58666
649	0.541507	0.585255
651	0.541205	0.582667
653	0.540913	0.583561
655	0.540173	0.582038
657	0.540961	0.583931
659	0.540521	0.579161
661	0.540466	0.580785
663	0.540882	0.581249
665	0.540486	0.577711
667	0.54018	0.578238
669	0.540722	0.579593
671	0.541006	0.579277
673	0.5402	0.57876
675	0.539555	0.576226
677	0.539743	0.574397
679	0.54023	0.576933
681	0.539588	0.574346
683	0.539701	0.572679
685	0.539215	0.573922
687	0.539389	0.574181
689	0.53932	0.57279
691	0.538855	0.575848
693	0.539184	0.571753
695	0.539154	0.571012
697	0.539465	0.570224
699	0.538852	0.569353
701	0.538938	0.568521
703	0.53891	0.568182
705	0.539033	0.569691
707	0.53867	0.568538
709	0.538905	0.566419
711	0.539161	0.57114
713	0.539158	0.567814
715	0.538701	0.567025
717	0.538516	0.564019
719	0.53898	0.565842
721	0.538598	0.565865
723	0.538019	0.565783
725	0.538175	0.563874
727	0.538208	0.566766
729	0.53824	0.562014
731	0.53798	0.562331
733	0.538717	0.561705
735	0.538599	0.56129
737	0.539216	0.562438
739	0.538375	0.557577
741	0.538593	0.562124
743	0.538159	0.55946
745	0.538253	0.556863
747	0.538197	0.55768
749	0.53829	0.555274
751	0.537711	0.560071
753	0.538235	0.554689
755	0.538045	0.555427
757	0.538342	0.555229
759	0.538473	0.554652
761	0.538336	0.555274
763	0.537663	0.556403
765	0.538395	0.555266
767	0.538435	0.552198
769	0.538597	0.55585
771	0.537639	0.553101
773	0.538267	0.554607
775	0.538324	0.552515
777	0.537666	0.547244
779	0.538692	0.550019
781	0.538193	0.552795
783	0.537856	0.549376
785	0.537834	0.54704
787	0.537608	0.548249
789	0.537942	0.547396
791	0.53786	0.550557
793	0.537806	0.547125
795	0.537269	0.55029
797	0.538179	0.545889
799	0.537183	0.545446
801	0.537617	0.547015
803	0.537886	0.543546
805	0.537799	0.543759
807	0.538482	0.543423
809	0.552128	0.617959
811	0.557496	0.614689
813	0.556524	0.612015
815	0.557484	0.611812
817	0.556208	0.611248
819	0.556815	0.61175
821	0.557197	0.609352
823	0.556195	0.606711
825	0.556567	0.609987
827	0.556014	0.608475
829	0.55611	0.60481
831	0.555899	0.605758
833	0.556102	0.607035
835	0.55615	0.599775
837	0.555338	0.605215
839	0.555605	0.601951
841	0.555648	0.602898
843	0.55532	0.600628
845	0.555292	0.60285
847	0.555289	0.600951
849	0.555638	0.597341
851	0.555948	0.599422
853	0.555064	0.598329
855	0.556493	0.599364
857	0.555522	0.59911
859	0.555432	0.595469
861	0.555885	0.597754
863	0.555698	0.597331
865	0.556087	0.599432
867	0.554405	0.595112
1	2.13506	1.76262
3	1.69123	1.78917
5	1.43108	1.46053
7	1.26109	1.27675
9	1.13814	1.16064
11	1.05064	1.07855
13	0.985934	1.0246
15	0.938992	0.981928
17	0.903943	0.95178
19	0.877515	0.928269
21	0.857036	0.909662
23	0.837154	0.890613
25	0.822034	0.876187
27	0.818807	0.943232
29	0.811097	0.929103
31	0.799987	0.920255
33	0.7887	0.904868
35	0.779246	0.89588
37	0.770262	0.886772
39	0.762488	0.878138
41	0.75398	0.872826
43	0.746946	0.865526
45	0.740544	0.856611
47	0.734706	0.854733
49	0.728087	0.842435
51	0.72311	0.839055
53	0.717505	0.835505
55	0.713487	0.830055
57	0.708665	0.821359
59	0.705119	0.821039
61	0.701335	0.817786
63	0.69714	0.815406
65	0.694459	0.809032
67	0.6912	0.806844
69	0.687138	0.802486
71	0.704428	0.890704
73	0.711645	0.87566
75	0.710022	0.86894
77	0.707906	0.867087
79	0.705753	0.865155
81	0.703401	0.861528
83	0.700197	0.857814
85	0.697906	0.852694
87	0.69604	0.849821
89	0.692828	0.847706
91	0.691353	0.844892
1	2.42631	1.70247
3	1.29646	1.29885
5	1.02302	1.08233
7	0.920803	0.973149
9	0.863345	0.91921
11	0.823712	0.882911
13	0.796711	0.858831
15	0.773646	0.840682
17	0.756322	0.821238
19	0.740788	0.805874
21	0.729544	0.793563
23	0.716514	0.783082
25	0.708632	0.773152
27	0.700203	0.764067
29	0.698474	0.835526
31	0.692662	0.824284
33	0.684874	0.814833
35	0.678612	0.810376
37	0.673131	0.800638
39	0.668131	0.800481
41	0.664062	0.793625
43	0.659701	0.789272
45	0.654909	0.787072
47	0.652226	0.780515
49	0.647787	0.778327
51	0.644338	0.772058
53	0.641885	0.766407
55	0.638901	0.764926
57	0.635777	0.763647
59	0.633394	0.761159
61	0.630906	0.755285
63	0.628828	0.750391
65	0.626339	0.7529
67	0.62426	0.745266
69	0.622932	0.742066
71	0.62104	0.74316
73	0.619074	0.740649
75	0.61651	0.741224
77	0.614765	0.735941
79	0.614142	0.732339
81	0.61244	0.732209
83	0.610492	0.73135
85	0.608633	0.725708
87	0.60807	0.725971
89	0.606928	0.719042
91	0.605143	0.718181
93	0.604125	0.72154
95	0.60231	0.715748
97	0.600927	0.7162
99	0.600529	0.712632
101	0.599129	0.709745
103	0.597916	0.709283
105	0.596728	0.704428
107	0.596184	0.70438
109	0.594969	0.705404
111	0.593778	0.702672
113	0.59267	0.700042
115	0.591645	0.697331
117	0.590149	0.696808
119	0.589768	0.696074
121	0.588368	0.695514
123	0.587821	0.692428
125	0.587338	0.687741
127	0.586198	0.690263
129	0.585555	0.688123
131	0.583954	0.68941
133	0.583793	0.684793
135	0.58329	0.682069
137	0.582676	0.683004
139	0.581766	0.675567
141	0.581196	0.676825
143	0.580395	0.678271
145	0.579542	0.676329
147	0.578571	0.674008
149	0.578486	0.673509
151	0.578026	0.671593
153	0.577162	0.670743
155	0.57659	0.670972
157	0.576337	0.668109
159	0.575262	0.667343
161	0.573913	0.666985
163	0.573745	0.666458
165	0.572477	0.665838
167	0.571996	0.661568
169	0.571703	0.658866
171	0.57121	0.66016
173	0.570581	0.656623
175	0.570066	0.657537
177	0.569956	0.656664
179	0.569209	0.652616
181	0.568405	0.653729
183	0.568433	0.653174
185	0.567953	0.651267
187	0.567004	0.649102
189	0.566909	0.648428
191	0.566466	0.645984
193	0.566299	0.646895
195	0.565062	0.642421
197	0.564698	0.642207
199	0.564133	0.645753
201	0.564097	0.642259
203	0.563814	0.642425
205	0.563141	0.637373
207	0.56327	0.637212
209	0.562584	0.635414
211	0.562352	0.639633
213	0.561287	0.634422
215	0.560671	0.635922
217	0.560476	0.635172
219	0.560772	0.633427
221	0.560013	0.630896
223	0.559605	0.630057
225	0.558994	0.635075
227	0.558669	0.62774
229	0.55851	0.630629
231	0.558917	0.624749
233	0.55844	0.625499
235	0.557782	0.623785
237	0.557166	0.62239
239	0.557056	0.626031
241	0.556511	0.623503
243	0.556374	0.621819
245	0.556255	0.620182
247	0.555706	0.618426
249	0.555317	0.620699
251	0.554252	0.615724
253	0.554589	0.616833
255	0.554217	0.616142
257	0.553855	0.615103
259	0.554469	0.614681
261	0.553894	0.616007
263	0.553073	0.612272
265	0.553106	0.613693
267	0.552484	0.610219
269	0.552438	0.610723
271	0.552467	0.608852
273	0.552356	0.606783
275	0.551671	0.606973
277	0.551875	0.607232
279	0.551489	0.604564
281	0.55179	0.607905
283	0.551203	0.603812
285	0.550582	0.60421
287	0.550834	0.599782
289	0.550336	0.602284
291	0.550088	0.60208
293	0.549949	0.601435
295	0.549703	0.601696
297	0.549818	0.60225
299	0.548735	0.595635
301	0.549133	0.597091
303	0.54855	0.596793
305	0.548572	0.592813
307	0.548821	0.597999
309	0.547929	0.592535
311	0.548217	0.593285
313	0.548142	0.594069
315	0.547768	0.592024
317	0.547738	0.589205
319	0.546803	0.592477
321	0.546949	0.588158
323	0.546846	0.589455
325	0.546332	0.587618
327	0.546414	0.588576
329	0.546285	0.585181
331	0.546448	0.584998
333	0.546005	0.586176
335	0.545781	0.582672
337	0.545412	0.583483
339	0.546001	0.584422
341	0.545526	0.583091
343	0.545513	0.582605
345	0.545926	0.582267
347	0.544842	0.57583
349	0.545637	0.579032
351	0.545172	0.579069
353	0.544701	0.577844
355	0.544816	0.573141
357	0.544986	0.577654
359	0.544766	0.575569
361	0.544057	0.574889
363	0.544123	0.57355
365	0.544274	0.571928
367	0.544137	0.572304
369	0.543689	0.57082
371	0.543834	0.569808
373	0.544106	0.570681
375	0.544491	0.570568
377	0.544038	0.568944
379	0.5433	0.569859
381	0.546887	0.670053
383	0.548408	0.665994
385	0.548924	0.665456
387	0.54979	0.664976
389	0.549417	0.662069
391	0.549867	0.660794
393	0.549743	0.656075
395	0.549882	0.659143
397	0.549497	0.656481
399	0.549465	0.656832
401	0.55037	0.652123
403	0.550059	0.651618
405	0.549198	0.655565
407	0.549401	0.652521
409	0.54957	0.652603
411	0.548913	0.647846
413	0.549217	0.653029
1	18.3085	3.75756
1	19.0477	3.87176
3	51.4133	8.25635
5	5845.5	182.842
1	7.64484	2.59121
3	1.87252	2.52175
5	1.19314	1.76026
7	0.984893	1.43496
9	0.936098	1.24111
11	0.736898	1.05449
13	0.698776	0.939406
15	0.683079	0.889918
17	0.669468	0.860812
19	0.659855	0.844004
21	0.650773	0.829178
23	0.642815	0.818604
25	0.635688	0.804069
27	0.629733	0.797158
29	0.62508	0.786941
31	0.620904	0.779232
33	0.616427	0.771815
35	0.611905	0.764512
37	0.607873	0.761047
39	0.60465	0.753036
41	0.602863	0.746484
43	0.59873	0.744083
45	0.595606	0.737775
47	0.594244	0.731686
49	0.591687	0.728918
51	0.590265	0.721119
53	0.587696	0.718951
55	0.585582	0.71418
57	0.584295	0.710574
59	0.582705	0.708303
61	0.581714	0.704487
63	0.580443	0.699748
65	0.578208	0.695711
67	0.577276	0.694861
69	0.575249	0.687022
71	0.574286	0.687744
73	0.572712	0.684393
75	0.571882	0.681123
77	0.569063	0.674897
79	0.568467	0.673557
81	0.56795	0.669403
83	0.566166	0.667575
85	0.565111	0.664047
87	0.564152	0.662404
89	0.564401	0.663437
91	0.562711	0.657152
93	0.561769	0.654031
95	0.560383	0.653651
97	0.558711	0.648826
99	0.557012	0.648513
101	0.55554	0.647136
103	0.555979	0.642263
105	0.555926	0.646383
107	0.561219	0.654158
109	0.565517	0.686071
111	0.599969	0.748402
113	0.619399	0.844972
115	0.563048	0.704451
117	0.559243	0.641546
119	0.556513	0.635394
121	0.555673	0.633572
123	0.553247	0.623357
125	0.552225	0.623194
127	0.551239	0.623057
129	0.551671	0.621536
131	0.550856	0.6158
133	0.550458	0.610211
135	0.54999	0.612937
137	0.549469	0.606438
139	0.548538	0.609471
141	0.548415	0.601939
143	0.548542	0.601488
145	0.547598	0.601165
147	0.547882	0.601288
149	0.547224	0.598759
151	0.546646	0.595052
153	0.546324	0.592004
155	0.545999	0.59001
157	0.545513	0.588748
159	0.545831	0.589365
161	0.545097	0.585019
163	0.544818	0.587568
165	0.544381	0.582578
167	0.544392	0.577805
169	0.543695	0.575783
171	0.543859	0.578197
173	0.543603	0.578227
175	0.544074	0.573509
177	0.542611	0.571685
179	0.543375	0.568995
181	0.544026	0.569841
183	0.542307	0.566471
185	0.541401	0.56756
187	0.543089	0.564619
189	0.54206	0.558672
191	0.543166	0.562537
193	0.542238	0.555856
195	0.542245	0.558321
197	0.54301	0.557399
199	0.542837	0.555088
201	0.542751	0.55146
203	0.542695	0.552176
205	0.542687	0.549923
207	0.542732	0.543069
209	0.542075	0.545061
211	0.542539	0.542972
213	0.542087	0.547028
215	0.542561	0.540703
217	0.541893	0.540577
219	0.542665	0.539396
221	0.542585	0.54066
223	0.542731	0.536739
225	0.543245	0.531608
227	0.54235	0.535607
229	0.542749	0.529379
231	0.542517	0.529387
233	0.541478	0.528116
235	0.54178	0.527526
237	0.543486	0.528984
239	0.542369	0.522276
241	0.542858	0.523948
243	0.543858	0.524732
245	0.543152	0.519244
247	0.543402	0.520028
249	0.542113	0.519823
251	0.542716	0.515169
253	0.543989	0.51451
255	0.543547	0.511727
257	0.543578	0.512425
259	0.544745	0.510835
261	0.545089	0.510474
263	0.543813	0.505837
265	0.545476	0.508341
267	0.544984	0.505198
269	0.545574	0.503192
271	0.545643	0.505199
273	0.546689	0.504992
275	0.547328	0.502246
277	0.548332	0.500491
279	0.548561	0.500099
281	0.547439	0.497471
283	0.551292	0.496617
285	0.553232	0.50032
287	0.554078	0.496833
289	0.557469	0.500849
291	0.559297	0.498982
293	0.563771	0.500574
295	0.566117	0.496002
297	0.569811	0.500425
299	0.570565	0.504482
301	0.568601	0.4992
303	0.561237	0.496241
305	0.553498	0.488456
307	0.54989	0.485286
309	0.547229	0.481132
311	0.54779	0.474569
313	0.54676	0.479317
315	0.548247	0.476541
317	0.547349	0.475816
319	0.546494	0.473099
321	0.547053	0.477551
323	0.547693	0.474105
325	0.5479	0.473304
327	0.549689	0.473124
329	0.547613	0.469533
331	0.548684	0.470774
333	0.548221	0.467225
335	0.548464	0.465966
337	0.548458	0.466504
339	0.550733	0.46274
341	0.550921	0.462838
343	0.551001	0.463006
345	0.550704	0.462727
347	0.551666	0.455097
349	0.551615	0.45734
351	0.551639	0.45722
353	0.551859	0.455049
355	0.55079	0.453553
357	0.552829	0.448018
359	0.552595	0.449493
361	0.554672	0.451009
363	0.554976	0.45204
365	0.555589	0.446328
367	0.556184	0.447682
369	0.555257	0.448219
371	0.5564	0.445482
373	0.558729	0.444843
375	0.55977	0.444478
377	0.558823	0.440342
379	0.559797	0.443417
381	0.562917	0.438416
383	0.56386	0.440569
385	0.565522	0.439725
387	0.566745	0.440203
389	0.570598	0.442618
391	0.573245	0.443668
393	0.575012	0.442399
395	0.577601	0.441745
397	0.574954	0.44208
399	0.574162	0.439249
401	0.571103	0.43891
403	0.568148	0.431783
405	0.565756	0.434768
407	0.563498	0.426747
409	0.563398	0.424847
411	0.56288	0.427282
413	0.562537	0.427765
415	0.562102	0.422539
417	0.563532	0.422769
419	0.563194	0.415368
421	0.563256	0.413705
423	0.563476	0.422268
425	0.564444	0.421203
1	7.25454	2.56172
3	1.86585	2.41866
5	1.36999	1.72057
7	1.05933	1.42886
9	0.948548	1.24931
11	0.75011	1.0487
13	0.700217	0.94263
15	0.682368	0.894171
17	0.670609	0.862769
19	0.66442	0.905628
21	0.654302	0.897023
23	0.646151	0.882301
25	0.638465	0.871038
1	7.63951	2.65841
1	7.55131	2.44971
2	3.95004	2.32746
3	1.9751	2.44767
4	1.91671	1.53931
5	1.42084	1.7618
6	1.30079	1.26783
7	1.04018	1.45924
8	1.28114	1.28007
9	1.03161	1.27308
10	0.92001	1.02847
11	0.795575	1.08315
12	0.771627	0.920249
13	0.707455	0.961142
14	0.71519	0.881856
15	0.686295	0.899167
16	0.689302	0.866103
17	0.67416	0.872941
18	0.67274	0.851388
19	0.668818	0.842021
20	0.66467	0.830798
21	0.657246	0.831769
22	0.655337	0.81757
23	0.649969	0.815986
24	0.645988	0.80814
25	0.642653	0.800596
26	0.639377	0.795777
27	0.634936	0.792372
28	0.632648	0.784421
29	0.63061	0.781438
30	0.627599	0.777094
31	0.624858	0.773538
32	0.622961	0.769516
33	0.619364	0.765245
34	0.618015	0.759292
35	0.621433	0.742784
36	0.620092	0.744041
37	0.618354	0.738927
38	0.616948	0.737235
39	0.613078	0.735178
40	0.614229	0.727254
41	0.610088	0.728058
42	0.609537	0.723173
43	0.607806	0.724291
44	0.605698	0.719196
45	0.604102	0.713877
46	0.60356	0.712406
1	7.51752	2.69348
2	4.05395	2.35601
3	1.82573	2.46997
4	1.94097	1.59495
5	1.18703	1.79357
6	1.25377	1.2675
7	0.992605	1.40978
8	1.05149	1.12679
9	0.825646	1.139
10	0.805249	0.965855
1	7.63857	2.54634
2	4.05789	2.3963
3	2.08892	2.30726
4	1.96651	1.54846
5	1.56647	1.73803
6	1.31042	1.29364
7	1.13413	1.45988
8	1.2491	1.3213
9	1.01588	1.28815
10	0.944259	1.05523
11	0.8284	1.08795
12	0.763695	0.938133
13	0.723404	0.937727
14	0.72019	0.878083
15	0.695597	0.885125
16	0.692992	0.85783
17	0.681079	0.857505
18	0.676585	0.840585
19	0.669374	0.835518
20	0.664254	0.829873
21	0.660773	0.820666
22	0.655673	0.815411
23	0.65181	0.807608
24	0.645119	0.801398
25	0.644707	0.797833
26	0.640723	0.793565
27	0.636725	0.789266
28	0.634914	0.780773
29	0.63116	0.778786
30	0.630292	0.777116
31	0.627629	0.771423
32	0.622866	0.767663
33	0.631873	0.745817
34	0.625747	0.752971
35	0.625988	0.744975
36	0.623459	0.742152
37	0.622241	0.737773
38	0.61915	0.73807
39	0.6186	0.731004
40	0.616037	0.730005
41	0.612755	0.722912
42	0.614137	0.721627
43	0.61006	0.720321
44	0.609729	0.719594
45	0.6084	0.715155
46	0.605748	0.7127
47	0.605414	0.711832
48	0.604858	0.70969
1	7.34924	2.58013
2	3.60234	2.43199
3	1.77507	2.28022
4	2.03898	1.56712
5	1.23203	1.80655
1	2.18079	2.35287
2	1.78057	2.33173
3	1.64281	1.95046
4	1.52342	1.78009
5	1.39162	1.66609
6	1.30408	1.56462
7	1.18921	1.48646
8	1.12567	1.39162
1	2.19258	2.3663
2	1.78311	2.32726
3	1.65828	1.95893
4	1.53342	1.7932
5	1.41312	1.67165
6	1.34888	1.57473
7	1.24065	1.50627
8	1.14198	1.4251
9	1.07273	1.35505
10	1.02839	1.28449
11	0.97995	1.23361
12	0.943133	1.19052
13	0.906712	1.16285
14	0.876564	1.12858
15	0.850915	1.10367
16	0.833229	1.07874
17	0.816635	1.05841
18	0.802587	1.04083
19	0.790727	1.02556
20	0.78135	1.01057
21	0.771778	0.997547
22	0.764535	0.989736
23	0.757176	0.978063
24	0.74893	0.965532
25	0.74269	0.95716
26	0.736918	0.954962
27	0.731262	0.942844
28	0.726605	0.935414
29	0.722816	0.925231
30	0.716972	0.923295
31	0.713729	0.917322
32	0.709921	0.907646
33	0.704809	0.902236
34	0.701496	0.890892
35	0.6977	0.891723
36	0.694836	0.884289
37	0.691257	0.876327
38	0.689004	0.871314
39	0.685108	0.869858
40	0.683669	0.864552
41	0.679847	0.860522
42	0.677387	0.85539
43	0.675862	0.848527
44	0.671731	0.844013
45	0.670521	0.841243
46	0.669173	0.835651
47	0.665661	0.828826
48	0.663582	0.823769
49	0.662801	0.823489
50	0.660153	0.821335
51	0.660171	0.817136
52	0.656142	0.814657
53	0.655309	0.80677
54	0.652729	0.805499
55	0.652281	0.802014
56	0.649794	0.800172
57	0.649713	0.796159
58	0.64684	0.791955
59	0.645829	0.791606
60	0.644492	0.785717
61	0.642603	0.783337
62	0.642644	0.781609
63	0.639912	0.777319
64	0.639903	0.777998
65	0.637927	0.772664
66	0.636356	0.770245
67	0.634587	0.766885
68	0.635933	0.767289
69	0.631714	0.759448
70	0.633231	0.757065
71	0.631808	0.756716
72	0.629901	0.757276
73	0.628252	0.748689
74	0.627885	0.748635
75	0.62724	0.749538
76	0.624965	0.746645
77	0.625368	0.746046
78	0.624923	0.745057
79	0.623851	0.744794
80	0.621712	0.740149
81	0.620955	0.736609
82	0.620171	0.731112
83	0.618476	0.733578
84	0.619207	0.733229
85	0.618132	0.728757
86	0.617245	0.732632
87	0.616802	0.725858
88	0.615293	0.72232
89	0.614579	0.719442
90	0.612841	0.723119
91	0.613658	0.719796
92	0.612603	0.715599
93	0.610738	0.714555
94	0.610492	0.714747
95	0.608946	0.71013
96	0.608969	0.709713
97	0.607703	0.707537
98	0.607306	0.707216
99	0.607419	0.707285
100	0.606548	0.703767
101	0.60667	0.70323
102	0.604433	0.702168
103	0.604412	0.696053
104	0.603847	0.698628
105	0.603927	0.69654
106	0.602037	0.694479
107	0.601641	0.693254
108	0.602139	0.69125
109	0.600342	0.691192
110	0.598579	0.6884
111	0.598874	0.684971
112	0.597896	0.685773
113	0.598027	0.682669
114	0.595823	0.681045
115	0.595922	0.681932
116	0.59499	0.680579
117	0.596468	0.681099
118	0.593769	0.677104
119	0.594157	0.67648
120	0.592804	0.673978
121	0.593781	0.673331
122	0.590894	0.670612
123	0.59242	0.668747
124	0.589646	0.6686
125	0.590175	0.664504
126	0.589454	0.667475
127	0.58801	0.661655
128	0.588404	0.663548
129	0.586767	0.661264
130	0.586414	0.661773
131	0.586611	0.657584
132	0.585286	0.658894
133	0.586451	0.657364
134	0.583982	0.654173
135	0.585495	0.655305
136	0.584817	0.653385
137	0.583373	0.652116
138	0.58348	0.652808
139	0.581189	0.649103
140	0.581914	0.651636
141	0.580509	0.646134
142	0.580547	0.645818
143	0.580375	0.642348
144	0.580664	0.642848
145	0.579927	0.641687
146	0.578813	0.642824
147	0.578797	0.639197
148	0.577183	0.636915
149	0.577984	0.638162
150	0.577963	0.6365
151	0.576863	0.635498
152	0.576825	0.630885
153	0.575888	0.629882
154	0.575152	0.630964
155	0.575305	0.63048
156	0.575393	0.633445
157	0.573991	0.624953
158	0.573813	0.626148
159	0.572793	0.624738
160	0.572186	0.625473
161	0.571632	0.620527
162	0.57219	0.62174
163	0.572198	0.621747
164	0.570688	0.622335
165	0.570983	0.618998
166	0.571632	0.618097
167	0.569275	0.615382
168	0.56932	0.614721
169	0.570384	0.613624
170	0.568761	0.615046
171	0.567836	0.613398
172	0.56885	0.614055
173	0.568509	0.613346
174	0.566484	0.609226
175	0.567144	0.609649
176	0.567268	0.608314
177	0.566924	0.60665
178	0.565983	0.606302
179	0.565438	0.601514
180	0.566872	0.601736
181	0.565781	0.603781
182	0.564614	0.600405
183	0.565434	0.599728
184	0.56455	0.598345
185	0.564145	0.600051
186	0.56453	0.600346
187	0.563388	0.596171
188	0.563897	0.596919
189	0.561291	0.595004
190	0.563269	0.593687
191	0.562402	0.593543
192	0.561789	0.59127
193	0.562946	0.593135
194	0.562357	0.588126
195	0.561777	0.592587
196	0.561091	0.588317
197	0.560755	0.587855
198	0.56204	0.586471
199	0.560784	0.587618
200	0.559728	0.583906
201	0.560069	0.586494
202	0.559338	0.582956
203	0.559802	0.583372
204	0.559129	0.580162
205	0.558154	0.579289
206	0.558756	0.57903
207	0.556686	0.578928
208	0.557694	0.577112
209	0.55841	0.578023
210	0.556849	0.575414
211	0.55581	0.575396
212	0.55788	0.572521
213	0.556745	0.575106
214	0.555623	0.571783
215	0.556806	0.571843
216	0.556165	0.57007
217	0.556351	0.568016
218	0.555507	0.571478
219	0.554646	0.563974
220	0.553983	0.564506
221	0.5549	0.567981
222	0.555604	0.566979
223	0.554009	0.562907
224	0.555287	0.567313
225	0.55361	0.567491
226	0.554179	0.562799
227	0.554519	0.562113
228	0.55393	0.558802
229	0.552824	0.56041
230	0.553256	0.561118
231	0.554201	0.55996
232	0.553572	0.556115
233	0.551543	0.55814
234	0.553866	0.556474
235	0.552177	0.555465
236	0.553073	0.556886
237	0.552499	0.555375
238	0.552246	0.547606
239	0.552698	0.550754
240	0.551598	0.552707
241	0.552045	0.555545
242	0.551664	0.547866
243	0.551579	0.549335
244	0.550556	0.545153
245	0.550917	0.548239
246	0.551165	0.546902
247	0.549833	0.547555
248	0.549805	0.545079
249	0.551007	0.544456
250	0.5492	0.542158
251	0.550355	0.537375
252	0.548501	0.542769
253	0.551145	0.543769
254	0.549495	0.543763
255	0.548714	0.53797
256	0.549783	0.540298
257	0.549444	0.535391
258	0.549374	0.535539
259	0.54982	0.531622
260	0.548346	0.530936
261	0.547922	0.531773
262	0.548958	0.529693
263	0.5483	0.526712
264	0.549835	0.528934
265	0.54742	0.522426
266	0.546879	0.524964
267	0.548049	0.527818
268	0.547711	0.522542
269	0.5467	0.525265
270	0.548024	0.524438
271	0.547099	0.517561
272	0.547382	0.52172
273	0.548129	0.520063
274	0.5469	0.523245
275	0.54878	0.511092
276	0.548846	0.507821
277	0.548497	0.507133
278	0.548555	0.505661
279	0.545862	0.504461
280	0.549412	0.510124
281	0.54636	0.510468
282	0.548108	0.50378
283	0.547185	0.507034
284	0.547662	0.505279
285	0.547594	0.506755
286	0.546218	0.502014
287	0.546932	0.5047
288	0.54661	0.499264
289	0.548488	0.491763
290	0.546696	0.492472
291	0.547741	0.491501
292	0.548016	0.491657
293	0.546598	0.488744
294	0.547624	0.488557
295	0.546961	0.485729
296	0.546169	0.484662
297	0.547676	0.485697
298	0.545002	0.482815
299	0.546936	0.482711
300	0.546675	0.48521
301	0.547138	0.483675
302	0.54572	0.482532
303	0.546667	0.482558
304	0.546552	0.477793
305	0.547552	0.468554
306	0.547764	0.472051
307	0.546563	0.468145
308	0.547895	0.469977
309	0.547397	0.468433
310	0.548593	0.466037
311	0.546887	0.471318
312	0.54565	0.467406
313	0.547949	0.467117
314	0.546803	0.465917
315	0.545937	0.460483
316	0.546077	0.460722
317	0.546151	0.46364
318	0.545957	0.462441
319	0.547621	0.462376
320	0.545993	0.462645
321	0.547981	0.451514
322	0.547856	0.452176
323	0.54864	0.452261
324	0.547142	0.448579
325	0.546754	0.450216
326	0.547025	0.447749
327	0.545518	0.450856
328	0.548531	0.447179
329	0.545094	0.452014
330	0.544468	0.44842
331	0.545451	0.442698
332	0.54688	0.442905
333	0.548136	0.447046
334	0.544579	0.441669
335	0.546904	0.442844
336	0.546506	0.444078
337	0.548968	0.436215
338	0.546086	0.433544
339	0.546347	0.430589
340	0.54594	0.433178
341	0.546471	0.430487
342	0.546127	0.429515
343	0.545092	0.431029
344	0.54737	0.429978
345	0.545352	0.42662
346	0.547788	0.429938
347	0.5474	0.429692
348	0.547318	0.430077
349	0.547455	0.430679
350	0.544959	0.425881
351	0.549644	0.415563
352	0.546159	0.420094
353	0.549656	0.415996
354	0.548217	0.413788
355	0.547054	0.418633
356	0.547167	0.413544
357	0.54828	0.414847
358	0.548678	0.411585
359	0.55113	0.415697
360	0.548332	0.413627
361	0.547448	0.412322
362	0.548156	0.409736
363	0.546587	0.408768
364	0.548605	0.40616
365	0.548842	0.412996
366	0.546575	0.406151
367	0.549094	0.409148
368	0.546361	0.405531
369	0.550574	0.399679
370	0.551167	0.402967
371	0.546964	0.397618
372	0.548794	0.399539
373	0.549143	0.39726
374	0.548966	0.39734
375	0.549236	0.398196
376	0.548035	0.394865
377	0.55082	0.395514
378	0.54895	0.394047
379	0.550427	0.393291
380	0.548815	0.391658
381	0.550366	0.390521
382	0.550094	0.39229
383	0.550384	0.390767
384	0.547929	0.393949
385	0.549127	0.383114
386	0.549044	0.38507
387	0.550635	0.386109
388	0.550148	0.385384
389	0.5481	0.383887
390	0.548803	0.380724
391	0.551075	0.38002
392	0.549684	0.381089
393	0.548044	0.379007
394	0.548821	0.37744
395	0.550634	0.37935
396	0.548523	0.377055
397	0.552348	0.379025
398	0.549745	0.381802
399	0.55011	0.376859
400	0.548448	0.373146
401	0.551579	0.369433
402	0.551753	0.370465
403	0.549312	0.368573
404	0.550365	0.368468
405	0.550057	0.366808
406	0.550263	0.365337
407	0.552346	0.366809
408	0.552048	0.36501
409	0.552874	0.36519
410	0.552528	0.366702
411	0.550418	0.365049
412	0.55065	0.363097
413	0.551423	0.361578
414	0.550492	0.362365
415	0.549896	0.364042
416	0.549532	0.357352
417	0.550813	0.359744
418	0.552806	0.360923
419	0.551827	0.353235
420	0.553565	0.353204
421	0.551635	0.353628
422	0.551792	0.354595
423	0.553109	0.352065
424	0.551775	0.350222
425	0.552611	0.350971
426	0.553353	0.348859
427	0.552402	0.349227
428	0.554649	0.351373
429	0.55187	0.345112
430	0.553921	0.34855
431	0.551629	0.348224
432	0.552195	0.347894
433	0.551803	0.346365
434	0.554203	0.349186
435	0.550643	0.337415
436	0.553421	0.336231
437	0.555299	0.337645
438	0.551168	0.340657
439	0.555147	0.338462
440	0.552658	0.338253
441	0.553946	0.33624
442	0.55281	0.335936
443	0.553826	0.33863
444	0.557546	0.335447
445	0.554183	0.33762
446	0.556029	0.33533
447	0.55303	0.331852
448	0.555561	0.333137
449	0.553271	0.334523
450	0.555682	0.33488
451	0.553649	0.331818
452	0.558572	0.3317
453	0.557492	0.328587
454	0.557503	0.327144
455	0.557514	0.325652
456	0.557743	0.325489
457	0.557231	0.323536
458	0.556443	0.323427
459	0.55727	0.325686
460	0.556608	0.325596
461	0.557179	0.325682
462	0.556817	0.321756
463	0.558506	0.32327
464	0.555275	0.322415
465	0.558022	0.319198
466	0.556186	0.323716
467	0.559994	0.318703
468	0.5568	0.32336
469	0.557698	0.32019
470	0.556997	0.315978
471	0.556385	0.316174
472	0.558559	0.318871
473	0.55823	0.315507
474	0.558663	0.308722
475	0.558712	0.313351
476	0.556673	0.310313
477	0.561292	0.311055
478	0.559287	0.311981
479	0.55853	0.310093
480	0.560092	0.309087
481	0.559156	0.306926
482	0.561438	0.307414
483	0.56017	0.312414
484	0.559128	0.30894
485	0.560821	0.302814
486	0.558924	0.305126
487	0.56017	0.306117
488	0.561415	0.304105
489	0.56045	0.305592
490	0.564076	0.305126
491	0.56147	0.305495
492	0.560615	0.305452
493	0.561962	0.302873
494	0.559321	0.303125
495	0.562284	0.303428
496	0.562281	0.303791
497	0.561746	0.302988
498	0.560371	0.302034
499	0.564147	0.295261
500	0.56575	0.297415
501	0.563859	0.297226
502	0.563707	0.294677
503	0.564341	0.296366
504	0.564978	0.295043
505	0.564458	0.296737
506	0.563218	0.293373
507	0.562638	0.293928
508	0.564106	0.2944
509	0.568141	0.294266
510	0.563368	0.292326
511	0.563821	0.289304
512	0.566147	0.291168
513	0.566656	0.291616
514	0.564696	0.289731
515	0.56551	0.289742
516	0.566928	0.288881
517	0.5679	0.290963
518	0.563618	0.288613
519	0.566258	0.288633
520	0.564905	0.28767
521	0.567239	0.289463
522	0.568263	0.289106
523	0.568542	0.286824
524	0.567069	0.29003
525	0.566398	0.286034
526	0.56965	0.287199
527	0.56601	0.286747
528	0.569139	0.282471
529	0.566399	0.285772
530	0.567538	0.281076
531	0.568329	0.284304
532	0.566892	0.286059
533	0.56903	0.277482
534	0.569587	0.281632
535	0.568456	0.279868
536	0.565615	0.278037
537	0.568	0.274928
538	0.567379	0.279001
539	0.568382	0.277812
540	0.568592	0.27451
541	0.567076	0.277272
542	0.571016	0.276228
543	0.567258	0.276321
544	0.570491	0.273528
545	0.573065	0.27342
546	0.5694	0.280384
547	0.568124	0.275304
548	0.573057	0.271603
549	0.570642	0.275418
550	0.573276	0.269349
551	0.571402	0.271228
552	0.571958	0.270368
553	0.573762	0.272761
554	0.570619	0.271084
555	0.574068	0.266767
556	0.571073	0.273155
557	0.572763	0.268869
558	0.572121	0.271559
559	0.570331	0.271678
560	0.576154	0.268472
561	0.572717	0.269861
562	0.573115	0.268845
563	0.576164	0.267667
564	0.572201	0.267891
565	0.57572	0.26744
566	0.575805	0.266708
567	0.575174	0.270149
568	0.574367	0.268438
569	0.575084	0.266838
570	0.575622	0.266987
571	0.577279	0.258471
572	0.575901	0.262276
573	0.575214	0.260265
574	0.575863	0.257606
575	0.574506	0.259225
576	0.578987	0.259073
577	0.575175	0.262879
578	0.577584	0.255763
579	0.579725	0.260479
580	0.575583	0.26029
581	0.581743	0.252955
582	0.578134	0.257838
583	0.582258	0.258572
584	0.57846	0.259292
585	0.578653	0.256159
586	0.578407	0.256071
587	0.581135	0.255936
588	0.578307	0.254432
589	0.581663	0.254945
590	0.582715	0.25561
591	0.578194	0.257979
592	0.580066	0.257127
593	0.578498	0.256257
594	0.578936	0.254208
595	0.580597	0.252408
596	0.578806	0.251875
597	0.583918	0.253418
598	0.580719	0.253525
599	0.585063	0.251882
600	0.583219	0.253871
601	0.584617	0.254436
602	0.583087	0.252923
603	0.581167	0.251049
604	0.58199	0.24756
605	0.582697	0.251017
606	0.583864	0.247959
607	0.586972	0.249712
608	0.583381	0.249928
609	0.589029	0.249292
610	0.587542	0.24925
611	0.586709	0.244835
612	0.585689	0.24629
613	0.586929	0.242582
614	0.587239	0.246489
615	0.587093	0.244299
616	0.588706	0.241487
617	0.589695	0.240612
618	0.586974	0.243562
619	0.587701	0.245154
620	0.587091	0.240784
621	0.58921	0.242822
622	0.588256	0.242516
623	0.587537	0.236907
624	0.589447	0.242053
625	0.591084	0.240994
626	0.590671	0.239802
627	0.58796	0.238583
628	0.588332	0.24
629	0.591023	0.238095
630	0.587798	0.240951
631	0.590428	0.238002
632	0.58969	0.236848
633	0.591991	0.239425
634	0.590382	0.236582
635	0.592868	0.236884
636	0.590436	0.237199
637	0.593533	0.237789
638	0.590424	0.23954
639	0.59088	0.237566
640	0.594173	0.236326
641	0.593819	0.236563
642	0.591118	0.239109
643	0.590803	0.233493
644	0.593018	0.235179
645	0.592214	0.237724
646	0.59162	0.23398
647	0.59589	0.234856
648	0.595022	0.236299
649	0.596376	0.235956
650	0.594698	0.235555
651	0.595075	0.23239
652	0.598384	0.233704
653	0.597124	0.235933
654	0.597799	0.232861
655	0.595572	0.232732
656	0.596981	0.231898
657	0.596232	0.229734
658	0.598263	0.22954
659	0.597778	0.227566
660	0.597328	0.226362
661	0.600247	0.224548
662	0.597686	0.226104
663	0.598627	0.226012
664	0.597505	0.225681
665	0.59993	0.224696
666	0.600449	0.22453
667	0.599091	0.224696
668	0.600099	0.225042
669	0.600411	0.221785
670	0.598428	0.224637
671	0.604014	0.222692
672	0.600493	0.22563
673	0.598665	0.223693
674	0.600574	0.225388
675	0.599317	0.223182
676	0.603218	0.224978
677	0.601857	0.219848
678	0.603852	0.221924
679	0.601336	0.22352
680	0.603377	0.219512
681	0.60331	0.221545
682	0.608694	0.223428
683	0.606235	0.224543
684	0.606624	0.220153
685	0.607516	0.219648
686	0.60562	0.223675
687	0.604668	0.2204
688	0.60396	0.221561
689	0.606912	0.221857
690	0.606544	0.218561
691	0.606263	0.220065
692	0.607546	0.217039
693	0.60739	0.219005
694	0.610768	0.219045
695	0.608688	0.218729
696	0.608737	0.218221
697	0.607462	0.217637
698	0.608962	0.218163
699	0.60865	0.211554
700	0.611907	0.213144
701	0.608857	0.212806
702	0.613173	0.210209
