1	2.52983	3.83153
2	1.72482	3.91371
3	1.28825	1.98654
4	1.67527	1.54002
5	0.989104	1.78647
6	0.817018	1.1917
7	0.702347	0.93489
8	0.688502	0.83075
9	0.6573	0.806
10	0.655201	0.777435
11	0.640526	0.772396
12	0.637783	0.75859
13	0.629078	0.750625
14	0.62563	0.738881
15	0.619762	0.73697
16	0.61651	0.725996
17	0.612276	0.722792
18	0.608276	0.716193
19	0.605682	0.711158
20	0.595133	0.613231
21	0.589917	0.584841
22	0.585457	0.575921
23	0.581748	0.569546
24	0.57905	0.564219
25	0.576433	0.557478
26	0.573898	0.551246
27	0.57171	0.543013
28	0.569631	0.539366
29	0.567559	0.53279
30	0.565233	0.53024
31	0.563879	0.523198
32	0.562525	0.519068
33	0.560628	0.513786
34	0.558999	0.509289
35	0.557713	0.504122
36	0.556112	0.498785
37	0.554804	0.495518
38	0.553606	0.492052
39	0.552086	0.487413
40	0.550544	0.483225
41	0.550088	0.480676
42	0.548161	0.476121
43	0.547314	0.470426
44	0.546472	0.466233
45	0.545938	0.461606
46	0.544194	0.458566
47	0.543462	0.457026
48	0.542213	0.451139
49	0.541639	0.448827
50	0.539847	0.445498
51	0.54001	0.442313
52	0.538975	0.438918
53	0.538146	0.437816
54	0.537421	0.433862
55	0.536375	0.428142
56	0.536233	0.426273
57	0.534869	0.423889
58	0.534229	0.420311
59	0.534261	0.419453
60	0.53187	0.413987
61	0.531946	0.412459
62	0.530931	0.409097
63	0.530953	0.406734
64	0.530128	0.404461
65	0.529479	0.400419
66	0.529477	0.397398
67	0.52784	0.395173
68	0.528371	0.391864
69	0.52769	0.39117
70	0.526374	0.388262
71	0.526355	0.38511
72	0.525208	0.383058
73	0.525371	0.38042
74	0.524814	0.379957
75	0.525296	0.376177
76	0.52387	0.374271
77	0.524171	0.371593
78	0.523289	0.368585
79	0.522089	0.365878
80	0.522032	0.366978
81	0.522172	0.36546
82	0.522082	0.360407
83	0.521211	0.358235
84	0.521173	0.356218
85	0.520804	0.354704
86	0.519435	0.354157
87	0.520558	0.35007
88	0.519543	0.348109
89	0.518623	0.346718
90	0.518465	0.347793
91	0.518078	0.341588
92	0.519129	0.341618
93	0.518766	0.338535
94	0.517746	0.338959
95	0.517424	0.336451
96	0.517051	0.334047
97	0.516185	0.331648
98	0.516158	0.331499
99	0.517263	0.329852
100	0.515585	0.330344
101	0.51518	0.326673
102	0.515624	0.32596
103	0.514376	0.32497
104	0.516463	0.323743
105	0.515107	0.322143
106	0.5146	0.322451
107	0.51558	0.321431
108	0.514496	0.321398
109	0.51404	0.319107
110	0.513934	0.317867
111	0.514572	0.317477
112	0.513384	0.318002
113	0.513643	0.316966
114	0.512653	0.315124
115	0.512629	0.314377
116	0.512217	0.314754
117	0.511471	0.312472
118	0.512214	0.31154
119	0.512171	0.310595
120	0.512163	0.310498
121	0.513277	0.309662
122	0.510402	0.308044
123	0.511404	0.307377
124	0.511186	0.307434
125	0.511752	0.307086
126	0.510756	0.304138
127	0.510643	0.305903
128	0.511542	0.302176
129	0.511448	0.303302
130	0.5108	0.30122
131	0.510003	0.300951
132	0.511071	0.300131
133	0.509932	0.300153
134	0.511423	0.297057
135	0.509846	0.297001
136	0.511315	0.297154
137	0.51001	0.29567
138	0.510618	0.293764
139	0.510809	0.295578
140	0.511025	0.292708
141	0.510149	0.293819
142	0.509796	0.291992
143	0.511079	0.29156
144	0.51014	0.291853
145	0.510802	0.289847
146	0.510643	0.288653
147	0.510332	0.288675
148	0.509773	0.288409
149	0.512062	0.287488
150	0.509674	0.286063
151	0.510804	0.287938
152	0.510751	0.285629
153	0.511734	0.285097
154	0.511004	0.28335
155	0.510824	0.283293
156	0.511196	0.283166
157	0.511565	0.281944
158	0.509844	0.281153
159	0.51009	0.280389
160	0.510403	0.279255
161	0.508782	0.278499
162	0.511766	0.278294
163	0.510996	0.279097
164	0.510889	0.277392
165	0.510827	0.276592
166	0.511057	0.27486
167	0.509377	0.277238
168	0.510133	0.277494
169	0.510068	0.274423
170	0.509821	0.273665
171	0.510959	0.27296
172	0.511733	0.272134
173	0.511312	0.270858
174	0.51321	0.27099
175	0.512423	0.272515
176	0.513043	0.272437
177	0.511326	0.270592
178	0.510267	0.26869
179	0.51262	0.267539
180	0.511328	0.265932
181	0.513253	0.265122
182	0.511439	0.267461
183	0.51166	0.267119
184	0.512486	0.265527
185	0.512153	0.263492
186	0.51235	0.263669
187	0.513279	0.262788
188	0.514956	0.262869
189	0.515505	0.261139
190	0.514482	0.260575
191	0.514075	0.261181
192	0.51245	0.260643
193	0.513801	0.259711
194	0.512976	0.260854
195	0.514425	0.259076
196	0.514693	0.260312
197	0.513777	0.25697
198	0.514685	0.256263
199	0.516536	0.257063
200	0.517301	0.257502
201	0.51414	0.25501
202	0.514314	0.255239
203	0.514612	0.254919
204	0.515734	0.25334
205	0.515845	0.255223
206	0.515387	0.252901
207	0.516712	0.251321
208	0.515928	0.253136
209	0.517445	0.251876
210	0.518342	0.251901
211	0.518999	0.249111
212	0.518509	0.249703
213	0.518519	0.248621
214	0.516145	0.249475
215	0.518784	0.247144
216	0.518623	0.245824
217	0.516968	0.247138
218	0.518771	0.24789
219	0.520672	0.246605
220	0.519454	0.245869
221	0.519744	0.244887
222	0.520441	0.243128
223	0.519621	0.243482
224	0.5206	0.244336
225	0.520505	0.242538
226	0.52009	0.243354
227	0.521334	0.24176
228	0.519242	0.243382
229	0.521819	0.242221
230	0.520951	0.240693
231	0.522546	0.240049
232	0.520403	0.239052
233	0.523285	0.240919
234	0.521392	0.23924
235	0.523155	0.237761
236	0.521515	0.23832
237	0.523369	0.235584
238	0.522819	0.236347
239	0.52542	0.236431
240	0.526633	0.236731
241	0.524847	0.235238
242	0.523964	0.235104
243	0.522685	0.23377
244	0.523076	0.233693
245	0.523919	0.23293
246	0.525382	0.234196
247	0.527173	0.232061
248	0.525496	0.232141
249	0.524814	0.231531
250	0.529137	0.231776
251	0.524384	0.230131
252	0.525762	0.23099
253	0.523345	0.228349
254	0.531257	0.22884
255	0.525043	0.227267
256	0.526607	0.228809
257	0.534673	0.227353
258	0.527575	0.226578
259	0.526303	0.225979
260	0.528489	0.226026
261	0.526735	0.225665
262	0.53155	0.225492
263	0.535148	0.223067
264	0.527234	0.225505
265	0.532849	0.224936
266	0.528509	0.225501
267	0.533202	0.223301
268	0.528906	0.222623
269	0.531692	0.222237
270	0.536984	0.223177
271	0.530997	0.220817
272	0.529242	0.221748
273	0.532151	0.220743
274	0.534827	0.219694
275	0.532296	0.220456
276	0.534073	0.219379
277	0.533864	0.220552
278	0.531335	0.218987
279	0.535446	0.216514
280	0.536317	0.218154
281	0.535452	0.216033
282	0.535182	0.217514
283	0.537113	0.215781
284	0.532874	0.216269
285	0.538586	0.215023
286	0.540312	0.21642
287	0.533657	0.215594
288	0.540941	0.215825
289	0.541104	0.21515
290	0.536774	0.213959
291	0.535513	0.214649
292	0.538476	0.21294
293	0.540716	0.212498
294	0.535725	0.211473
295	0.537864	0.211078
296	0.539946	0.211297
297	0.545506	0.209786
298	0.537293	0.211319
299	0.54144	0.209108
300	0.543296	0.210349
301	0.543398	0.207538
302	0.543168	0.209556
303	0.548739	0.207657
304	0.543393	0.208286
305	0.54183	0.207394
306	0.543976	0.207532
307	0.546463	0.206181
308	0.54178	0.206466
309	0.545358	0.205895
310	0.543028	0.206524
311	0.545021	0.206738
312	0.546166	0.205105
313	0.548387	0.205239
314	0.545992	0.203379
315	0.547977	0.204936
316	0.548975	0.204389
317	0.549204	0.201946
318	0.548404	0.204711
319	0.551769	0.201856
320	0.548365	0.20253
321	0.549436	0.202349
322	0.545137	0.201715
323	0.549302	0.202601
324	0.550124	0.199097
325	0.551199	0.200646
326	0.553723	0.199426
327	0.550612	0.198222
328	0.554352	0.199311
329	0.549031	0.200247
330	0.550397	0.199248
331	0.552759	0.197999
332	0.551991	0.200018
333	0.554377	0.19586
334	0.553197	0.198398
335	0.553705	0.196712
336	0.554593	0.196368
337	0.556788	0.195681
338	0.552847	0.196132
339	0.558083	0.197125
340	0.557066	0.196141
341	0.55495	0.194553
342	0.555891	0.195095
343	0.5605	0.193031
344	0.559586	0.19267
345	0.555692	0.193259
346	0.562393	0.194021
347	0.557281	0.193335
348	0.565728	0.192076
349	0.56198	0.19405
350	0.561144	0.19222
351	0.560555	0.190738
352	0.56173	0.189981
353	0.564821	0.191043
354	0.56349	0.190256
355	0.558632	0.190456
356	0.562715	0.189568
357	0.564441	0.188829
358	0.560396	0.188721
359	0.566616	0.188483
360	0.559848	0.190082
361	0.566883	0.186255
362	0.565172	0.186806
363	0.563086	0.187945
364	0.566182	0.186614
365	0.566501	0.18874
366	0.569051	0.186909
367	0.567568	0.186183
368	0.569696	0.186072
369	0.568469	0.185366
370	0.566178	0.18552
371	0.566472	0.187127
372	0.57308	0.184088
373	0.570848	0.183798
374	0.569956	0.183815
375	0.568719	0.185227
376	0.576699	0.183742
377	0.57267	0.183891
378	0.567776	0.183588
379	0.57097	0.183078
380	0.572394	0.183757
381	0.572658	0.179507
382	0.575651	0.183415
383	0.576037	0.180402
384	0.574304	0.181347
385	0.571425	0.181836
386	0.57508	0.182293
387	0.578531	0.180165
388	0.574236	0.179292
389	0.573685	0.179964
390	0.578639	0.180244
391	0.574237	0.178693
392	0.574994	0.17911
393	0.583136	0.178551
394	0.578116	0.178559
395	0.583488	0.178079
396	0.580843	0.178399
397	0.580536	0.17967
398	0.586187	0.176557
399	0.585479	0.176796
400	0.58334	0.177033
401	0.579346	0.176238
402	0.580361	0.179352
403	0.582111	0.174352
404	0.584021	0.175237
405	0.581346	0.175683
406	0.579378	0.174949
407	0.57971	0.174317
408	0.593717	0.174348
409	0.576881	0.175509
410	0.5858	0.173933
411	0.587582	0.174537
412	0.581715	0.171971
413	0.586612	0.173567
414	0.588451	0.173185
415	0.59019	0.174377
416	0.586738	0.170341
417	0.587938	0.172236
418	0.591601	0.171102
419	0.593769	0.171828
420	0.58777	0.171526
421	0.590263	0.170205
422	0.594365	0.170397
423	0.59019	0.170517
424	0.593209	0.172516
425	0.588848	0.170497
426	0.589308	0.170393
427	0.592389	0.171599
428	0.597051	0.169604
429	0.592535	0.169259
430	0.592152	0.168332
431	0.598794	0.170009
432	0.595315	0.168316
433	0.592784	0.168783
434	0.593914	0.16691
435	0.59193	0.168314
436	0.599127	0.167218
437	0.598026	0.16943
438	0.592408	0.168201
439	0.592918	0.167762
440	0.594958	0.166743
441	0.594437	0.167494
442	0.592117	0.166744
443	0.602351	0.165273
444	0.598811	0.166185
445	0.597596	0.165896
446	0.595488	0.166038
1	2.74231	3.82372
2	1.86905	4.29166
3	1.60652	2.22523
4	2.83171	1.76853
5	1.18389	2.62193
6	0.874152	1.32351
7	0.746573	1.00642
8	0.70964	0.885983
9	0.668753	0.826768
10	0.647751	0.675115
11	0.629814	0.63352
12	0.621347	0.615389
13	0.613753	0.60203
14	0.608656	0.587443
15	0.603868	0.577658
16	0.598622	0.564097
17	0.59492	0.553894
18	0.590812	0.544154
19	0.587667	0.533647
20	0.584139	0.526509
21	0.581581	0.516623
22	0.578468	0.510009
23	0.575939	0.503473
24	0.573459	0.496362
25	0.571165	0.48779
26	0.568851	0.482953
27	0.567055	0.474754
28	0.565316	0.470438
29	0.56309	0.462655
30	0.561683	0.455975
31	0.560356	0.452989
32	0.557787	0.448812
33	0.557062	0.442214
34	0.555089	0.437525
35	0.554039	0.430871
36	0.552871	0.427708
37	0.551582	0.421306
38	0.550803	0.417217
39	0.548749	0.413796
40	0.548174	0.409227
41	0.546795	0.4041
42	0.545405	0.400605
43	0.544855	0.396974
44	0.544378	0.392476
45	0.543546	0.390212
46	0.54228	0.387086
47	0.541142	0.381504
48	0.540139	0.379672
49	0.539445	0.374953
50	0.538956	0.373022
51	0.537842	0.368989
52	0.537518	0.367581
53	0.536943	0.365205
54	0.535833	0.360001
55	0.535253	0.359472
56	0.533905	0.357267
57	0.533687	0.354354
58	0.533143	0.355463
59	0.533259	0.351541
60	0.531848	0.35039
61	0.53176	0.349031
62	0.530243	0.347733
63	0.52953	0.346283
64	0.528814	0.345266
65	0.528669	0.343736
66	0.52812	0.341246
67	0.52708	0.3411
68	0.527042	0.339084
69	0.526519	0.337845
70	0.526427	0.337283
71	0.525014	0.336436
72	0.524274	0.33407
73	0.524238	0.335644
74	0.524109	0.332345
75	0.523023	0.331166
76	0.523542	0.329143
77	0.522595	0.32879
78	0.522217	0.329457
79	0.522299	0.328205
80	0.52092	0.328207
81	0.520081	0.327814
82	0.519559	0.325136
83	0.519978	0.32373
84	0.518658	0.323851
85	0.518177	0.321825
86	0.517846	0.320093
87	0.518064	0.320657
88	0.517602	0.319643
89	0.517579	0.318771
90	0.516788	0.319472
91	0.516959	0.315945
92	0.516249	0.315933
93	0.515994	0.316679
94	0.516596	0.312538
95	0.515423	0.311918
96	0.515065	0.312139
97	0.515038	0.312018
98	0.514381	0.311117
99	0.513897	0.310093
100	0.514519	0.308715
101	0.513722	0.308571
102	0.513418	0.306471
103	0.513203	0.308188
104	0.514066	0.305134
105	0.513618	0.305366
106	0.512181	0.303605
107	0.511894	0.30438
108	0.511441	0.302465
109	0.511196	0.301795
110	0.512112	0.299156
111	0.510718	0.299358
112	0.511728	0.300194
113	0.510901	0.299043
114	0.510616	0.297394
115	0.510096	0.296828
116	0.510803	0.297408
117	0.50952	0.294502
118	0.50874	0.293793
119	0.50879	0.294274
120	0.50907	0.29387
121	0.508576	0.291453
122	0.509442	0.290897
123	0.508952	0.289732
124	0.508195	0.290453
125	0.508724	0.288898
126	0.5079	0.288178
127	0.508153	0.285951
128	0.509298	0.286236
129	0.50728	0.284524
130	0.507968	0.284756
131	0.508306	0.283756
132	0.508261	0.283288
133	0.508352	0.2838
134	0.508573	0.282884
135	0.507427	0.280599
136	0.508643	0.280111
137	0.507602	0.279289
138	0.508603	0.277828
139	0.50868	0.279356
140	0.509034	0.27905
141	0.508934	0.276456
142	0.507619	0.275742
143	0.506912	0.274011
144	0.507188	0.276096
145	0.508472	0.274336
146	0.507096	0.273017
147	0.50987	0.272438
148	0.507435	0.272008
149	0.507264	0.27094
150	0.50717	0.271178
151	0.50734	0.271497
152	0.50849	0.269073
153	0.507689	0.269239
154	0.507239	0.268171
155	0.506938	0.269366
156	0.505457	0.267871
157	0.507179	0.266846
158	0.506707	0.265881
159	0.507494	0.266039
160	0.508364	0.264945
161	0.507909	0.264956
162	0.507539	0.262968
163	0.508228	0.262239
164	0.50759	0.261829
165	0.509382	0.260815
166	0.50816	0.259558
167	0.508442	0.259298
168	0.508568	0.259915
169	0.507015	0.260522
170	0.507864	0.259535
171	0.51028	0.257513
172	0.509675	0.257577
173	0.509065	0.256929
174	0.507574	0.257133
175	0.510307	0.254764
176	0.509378	0.253601
177	0.509013	0.25276
178	0.510147	0.252637
179	0.509679	0.251505
180	0.509529	0.252465
181	0.50933	0.250975
182	0.511614	0.249556
183	0.50984	0.25014
184	0.510412	0.25058
185	0.511261	0.25061
186	0.509659	0.249824
187	0.510854	0.249628
188	0.51124	0.248192
189	0.511507	0.247139
190	0.512127	0.247849
191	0.510267	0.244958
192	0.511466	0.245707
193	0.510992	0.24565
194	0.509322	0.243554
195	0.510832	0.24549
196	0.512301	0.243498
197	0.511316	0.243622
198	0.513488	0.243325
199	0.512446	0.24136
200	0.51342	0.242618
201	0.512003	0.241022
202	0.513151	0.241238
203	0.512032	0.24094
204	0.512177	0.241969
205	0.514296	0.238678
206	0.512748	0.23936
207	0.513411	0.239317
208	0.513726	0.236912
209	0.511799	0.237007
210	0.513583	0.236532
211	0.513021	0.237718
212	0.513032	0.236278
213	0.51546	0.23556
214	0.513891	0.232864
215	0.517436	0.235635
216	0.516733	0.233197
217	0.515753	0.233008
218	0.514617	0.232495
219	0.514407	0.230699
220	0.516074	0.230425
221	0.51418	0.231051
222	0.517958	0.229883
223	0.517075	0.229694
224	0.516035	0.22811
225	0.517065	0.227554
226	0.517437	0.22863
227	0.520385	0.225769
228	0.518633	0.229279
229	0.517964	0.22825
230	0.51898	0.227168
231	0.518317	0.2272
232	0.521063	0.224852
233	0.518194	0.224379
234	0.519641	0.2227
235	0.521427	0.22167
236	0.517079	0.223686
237	0.521368	0.223429
238	0.523518	0.224083
239	0.518205	0.222101
240	0.522112	0.221131
241	0.525895	0.222297
242	0.523601	0.22297
243	0.524332	0.219081
244	0.521169	0.219944
245	0.525051	0.219427
246	0.524365	0.219039
247	0.523651	0.219909
248	0.523486	0.217164
249	0.523502	0.21882
250	0.52576	0.218164
251	0.524881	0.216908
252	0.527106	0.217658
253	0.52675	0.215294
254	0.527308	0.214642
255	0.525443	0.215389
256	0.52797	0.21501
257	0.529409	0.213533
258	0.528764	0.215693
259	0.527168	0.213497
260	0.528437	0.21156
261	0.53006	0.213477
262	0.52911	0.211608
263	0.528629	0.210506
264	0.528219	0.211504
265	0.526697	0.210066
266	0.529802	0.211215
267	0.52649	0.209769
268	0.531575	0.209816
269	0.52794	0.209864
270	0.529194	0.210846
271	0.527508	0.208206
272	0.529321	0.208496
273	0.532113	0.209317
274	0.530974	0.207578
275	0.532166	0.207553
276	0.533218	0.2074
277	0.531755	0.207743
278	0.532183	0.204039
279	0.53248	0.20567
280	0.531883	0.207143
281	0.532282	0.204034
282	0.533736	0.204962
283	0.533703	0.20423
284	0.53482	0.204301
285	0.53629	0.203293
286	0.531106	0.204194
287	0.536147	0.201284
288	0.534013	0.202668
289	0.537016	0.201379
290	0.538329	0.199993
291	0.537709	0.20079
292	0.535448	0.200202
293	0.538083	0.199935
294	0.537694	0.199952
295	0.538842	0.200475
296	0.53719	0.200212
297	0.540013	0.199433
298	0.540237	0.199661
299	0.536633	0.199775
300	0.543224	0.19778
301	0.539392	0.198337
302	0.541081	0.197261
303	0.540461	0.196562
304	0.538199	0.19581
305	0.537146	0.195354
306	0.541699	0.197141
307	0.543195	0.194149
308	0.541454	0.19536
309	0.545771	0.196264
310	0.541942	0.194883
311	0.544621	0.195176
312	0.543382	0.193622
313	0.545209	0.193126
314	0.545471	0.193402
315	0.545453	0.191372
316	0.543836	0.192462
317	0.548101	0.191357
318	0.548101	0.192132
319	0.545144	0.190439
320	0.54802	0.190155
321	0.546561	0.192029
322	0.547263	0.190581
323	0.548381	0.190716
324	0.548296	0.188971
325	0.549746	0.188442
326	0.549065	0.189706
327	0.548532	0.189944
328	0.549131	0.189033
329	0.551299	0.187574
330	0.550348	0.187339
331	0.549156	0.18637
332	0.553823	0.187378
333	0.551861	0.186389
334	0.551922	0.185789
335	0.553289	0.184802
336	0.555688	0.185745
337	0.552818	0.184204
338	0.553427	0.185832
339	0.55548	0.184506
340	0.555131	0.185102
341	0.550047	0.183931
342	0.554211	0.183177
343	0.557308	0.181929
344	0.557797	0.183598
345	0.55951	0.183481
346	0.557566	0.182741
347	0.557358	0.180718
348	0.555661	0.184173
349	0.555916	0.181909
350	0.555681	0.182169
351	0.557123	0.181238
352	0.561805	0.181288
353	0.557173	0.181574
354	0.558102	0.180658
355	0.561545	0.1806
356	0.561057	0.180579
357	0.564475	0.179476
358	0.561885	0.178907
359	0.563319	0.179574
360	0.562971	0.179934
361	0.561068	0.178323
362	0.56045	0.179574
1	1.83937	2.23625
2	1.6327	1.93042
3	1.49667	1.75471
4	1.39677	1.63704
5	1.31829	1.5463
6	1.25396	1.46716
7	1.19994	1.40331
8	1.15365	1.35497
9	1.11335	1.30644
10	1.06879	1.22476
11	1.03047	1.1821
12	0.993829	1.14225
13	0.959209	1.10069
14	0.927874	1.05679
15	0.899786	1.02296
16	0.875003	0.983685
17	0.853392	0.949654
18	0.833661	0.916565
19	0.816477	0.889336
20	0.801292	0.861938
21	0.78788	0.839895
22	0.775821	0.816795
23	0.764872	0.793295
24	0.755159	0.77842
25	0.746435	0.763409
26	0.738286	0.747207
27	0.730986	0.73228
28	0.724101	0.716008
29	0.718115	0.705805
30	0.712589	0.698522
31	0.707106	0.688645
32	0.702496	0.676947
33	0.697964	0.662462
34	0.693766	0.660202
35	0.689768	0.648887
36	0.686366	0.640456
37	0.682702	0.633897
38	0.679358	0.629131
39	0.676335	0.620223
40	0.673501	0.613351
41	0.670522	0.609895
42	0.66787	0.602409
43	0.665407	0.596832
44	0.662886	0.594333
45	0.660858	0.586399
46	0.658565	0.579123
47	0.656482	0.576997
48	0.654449	0.570746
49	0.652627	0.564209
50	0.650681	0.559232
51	0.649028	0.555503
52	0.647459	0.551675
53	0.645814	0.550202
54	0.644313	0.541433
55	0.642886	0.538913
56	0.641653	0.535643
57	0.640015	0.529394
58	0.638741	0.527904
59	0.637279	0.522378
60	0.636036	0.522533
61	0.634726	0.516457
62	0.633539	0.515305
63	0.632413	0.512835
64	0.631309	0.508324
65	0.630344	0.507007
66	0.629127	0.505175
67	0.628249	0.50346
68	0.627199	0.502351
69	0.626287	0.498448
70	0.625336	0.494772
71	0.624286	0.493891
72	0.623621	0.492061
73	0.622624	0.488821
74	0.621712	0.48928
75	0.620791	0.488126
76	0.620088	0.487408
77	0.619352	0.483193
78	0.618478	0.482461
79	0.617663	0.48085
80	0.616997	0.480963
81	0.61623	0.478324
82	0.615531	0.477364
83	0.614971	0.477
84	0.61425	0.471749
85	0.613482	0.47252
86	0.612902	0.47285
87	0.612358	0.471177
88	0.611536	0.468949
89	0.611082	0.467218
90	0.610379	0.465401
91	0.60971	0.466751
92	0.609091	0.464974
93	0.608458	0.463381
94	0.607918	0.465748
95	0.607441	0.461992
96	0.606909	0.461354
97	0.606411	0.461431
98	0.605846	0.460035
99	0.605241	0.457804
100	0.604687	0.458248
101	0.604285	0.457444
102	0.603641	0.457638
103	0.603425	0.454895
104	0.602852	0.451931
105	0.602399	0.455477
106	0.601941	0.453912
107	0.601615	0.451236
108	0.601193	0.451972
109	0.600443	0.449574
110	0.600101	0.450095
111	0.599651	0.449462
112	0.599259	0.448226
113	0.598897	0.447816
114	0.598439	0.44783
115	0.597994	0.444713
116	0.597602	0.447055
117	0.597172	0.445253
118	0.596866	0.446022
119	0.596568	0.443246
120	0.596132	0.444203
121	0.595668	0.44382
122	0.595199	0.443627
123	0.594871	0.44282
124	0.594536	0.440982
125	0.594208	0.440319
126	0.593806	0.440318
127	0.593494	0.438681
128	0.593114	0.439055
129	0.592538	0.439539
130	0.592207	0.438868
131	0.591985	0.437644
132	0.59175	0.437486
133	0.591443	0.437171
134	0.59099	0.437065
135	0.590612	0.435373
136	0.590244	0.437375
137	0.589957	0.436011
138	0.589749	0.433669
139	0.58956	0.43476
140	0.589133	0.432415
141	0.588743	0.433965
142	0.588563	0.431957
143	0.588265	0.431149
144	0.587897	0.431569
145	0.587498	0.432834
146	0.587247	0.43089
147	0.586886	0.431327
148	0.586578	0.429524
149	0.586388	0.428991
150	0.586195	0.430149
151	0.585865	0.428623
152	0.585495	0.428063
153	0.585273	0.430001
154	0.585045	0.428326
155	0.584765	0.426227
156	0.584488	0.425524
157	0.584239	0.426865
158	0.583839	0.427011
159	0.583614	0.42619
160	0.58347	0.424776
161	0.583078	0.424982
162	0.582827	0.426461
163	0.582526	0.424972
164	0.582392	0.424828
165	0.582067	0.422284
166	0.58175	0.424361
167	0.581638	0.424615
168	0.581373	0.42527
169	0.581213	0.423412
170	0.580942	0.422961
171	0.580706	0.421011
172	0.580548	0.421418
173	0.580263	0.419647
174	0.580118	0.418799
175	0.579903	0.419445
176	0.579548	0.419981
177	0.579349	0.420358
178	0.579222	0.418691
179	0.579196	0.420127
180	0.578777	0.420629
181	0.5786	0.420141
182	0.578161	0.417835
183	0.577939	0.41704
184	0.57764	0.417476
185	0.577387	0.417131
186	0.577165	0.415409
187	0.57711	0.415244
188	0.577128	0.415903
189	0.576686	0.415574
190	0.576366	0.414704
191	0.576082	0.414062
192	0.575807	0.415893
193	0.575687	0.414339
194	0.575688	0.41476
195	0.575478	0.414125
196	0.575282	0.41558
197	0.575229	0.411834
198	0.574914	0.412462
199	0.574923	0.412226
200	0.574677	0.411666
201	0.574474	0.411046
202	0.574162	0.413687
203	0.573918	0.410226
204	0.573738	0.409676
205	0.5735	0.410425
206	0.573388	0.411441
207	0.57304	0.410362
208	0.573027	0.41008
209	0.572934	0.410359
210	0.572748	0.40972
211	0.572422	0.410335
212	0.572187	0.408028
213	0.572019	0.409766
214	0.571815	0.408357
215	0.571775	0.408016
216	0.571427	0.40957
217	0.57127	0.408631
218	0.571163	0.409229
219	0.571058	0.408369
220	0.570958	0.406528
221	0.570625	0.407054
222	0.570563	0.407479
223	0.570361	0.40624
224	0.570191	0.405284
225	0.569951	0.406805
226	0.569851	0.405247
227	0.56978	0.406972
228	0.569562	0.405195
229	0.569378	0.406239
230	0.569194	0.405113
231	0.569033	0.405091
232	0.568815	0.404935
233	0.56872	0.404205
234	0.568666	0.404214
235	0.568513	0.402497
236	0.568232	0.403028
237	0.56807	0.404064
238	0.568036	0.40372
239	0.56803	0.403283
240	0.567729	0.40123
241	0.567588	0.40087
242	0.56734	0.403234
243	0.567216	0.402261
244	0.566998	0.400178
245	0.56699	0.401349
246	0.566876	0.399652
247	0.566694	0.400366
248	0.566584	0.400572
249	0.566346	0.400613
250	0.566166	0.399566
251	0.56606	0.399688
252	0.565917	0.399586
253	0.565798	0.400166
254	0.565687	0.397814
255	0.565564	0.397435
256	0.565434	0.398784
257	0.565336	0.399272
258	0.565139	0.398634
259	0.564941	0.398241
260	0.564878	0.396184
261	0.564744	0.396812
262	0.564437	0.398082
263	0.564337	0.398058
264	0.564153	0.39786
265	0.564124	0.397832
266	0.563761	0.39744
267	0.563765	0.396079
268	0.563602	0.396113
269	0.563627	0.397333
270	0.563446	0.396726
271	0.563244	0.397736
272	0.563222	0.394789
273	0.563126	0.395381
274	0.562845	0.394934
275	0.562628	0.394442
276	0.562407	0.395078
277	0.562468	0.395213
278	0.562165	0.393041
279	0.562215	0.395015
280	0.561956	0.39395
281	0.561963	0.394647
282	0.562004	0.394524
283	0.561907	0.393685
284	0.561551	0.394444
285	0.56171	0.392181
286	0.561444	0.392723
287	0.561356	0.392181
288	0.561115	0.392378
289	0.560838	0.390963
290	0.560854	0.393751
291	0.560554	0.392046
292	0.560481	0.391427
293	0.560476	0.391806
294	0.560459	0.391706
295	0.56025	0.392521
296	0.559952	0.390069
297	0.560033	0.39039
298	0.560003	0.392039
299	0.559777	0.390709
300	0.559589	0.390286
301	0.559388	0.39232
302	0.559343	0.389784
303	0.559254	0.39041
304	0.558996	0.388975
305	0.558839	0.390231
306	0.558956	0.389645
307	0.558891	0.389569
308	0.558707	0.38954
309	0.558622	0.387818
310	0.558495	0.388463
311	0.558276	0.388935
312	0.558254	0.388737
313	0.55818	0.389115
314	0.557801	0.388937
315	0.557777	0.387571
316	0.55758	0.388058
317	0.557427	0.388601
318	0.557348	0.388248
319	0.557198	0.388572
320	0.557212	0.386894
321	0.557169	0.386437
322	0.557025	0.387149
323	0.556894	0.385406
324	0.556811	0.38573
325	0.556659	0.386927
326	0.556391	0.386366
327	0.556293	0.385531
328	0.556173	0.385237
329	0.555856	0.386634
330	0.555858	0.386668
331	0.555752	0.385875
332	0.555637	0.385947
333	0.555745	0.383999
334	0.555473	0.384711
335	0.555481	0.384262
336	0.555234	0.384643
337	0.555327	0.383498
338	0.555056	0.38391
339	0.554909	0.383743
340	0.554853	0.383438
341	0.554947	0.38319
342	0.554835	0.384632
343	0.554562	0.382514
344	0.554504	0.381699
345	0.554627	0.384157
346	0.554357	0.382491
347	0.554353	0.382981
348	0.554279	0.381609
349	0.554158	0.382029
350	0.553972	0.381361
351	0.553936	0.382149
352	0.553748	0.381376
353	0.553686	0.381956
354	0.55357	0.382013
355	0.553378	0.382219
356	0.553313	0.380738
357	0.553193	0.381086
358	0.552994	0.381129
359	0.55292	0.378466
360	0.552703	0.381704
361	0.552803	0.379476
362	0.552694	0.381041
363	0.552418	0.381882
364	0.552273	0.381319
365	0.552427	0.379547
366	0.552387	0.380751
367	0.552267	0.380383
368	0.552279	0.378857
369	0.552057	0.377396
370	0.552083	0.379385
371	0.552065	0.380002
372	0.55192	0.37818
373	0.551697	0.378793
374	0.551589	0.37668
375	0.551568	0.377394
376	0.551326	0.377189
377	0.551331	0.379371
378	0.55138	0.378656
379	0.551033	0.37707
380	0.550979	0.376862
381	0.550776	0.376486
382	0.550712	0.37825
383	0.550557	0.378619
384	0.550428	0.376025
385	0.550431	0.375295
386	0.550231	0.377622
387	0.550415	0.375848
388	0.550244	0.376907
389	0.550192	0.375674
390	0.550186	0.376484
391	0.550077	0.377036
392	0.549938	0.375334
393	0.549745	0.374546
394	0.549503	0.377538
395	0.549516	0.374174
396	0.549553	0.375704
397	0.54946	0.375123
398	0.549417	0.37536
399	0.54937	0.375044
400	0.549185	0.373659
401	0.549093	0.375329
402	0.548931	0.374922
403	0.548875	0.373454
404	0.548771	0.372908
405	0.548695	0.373942
406	0.548663	0.375317
407	0.548707	0.374849
408	0.548731	0.374272
409	0.548398	0.373012
410	0.548307	0.374883
411	0.548164	0.375151
412	0.547997	0.373491
413	0.547906	0.372243
414	0.548011	0.373263
415	0.547876	0.370636
416	0.547859	0.371662
417	0.547752	0.371728
418	0.547728	0.372934
419	0.54762	0.372332
420	0.547519	0.371569
421	0.547283	0.371994
422	0.547175	0.372796
423	0.547096	0.371727
424	0.546979	0.370503
425	0.54698	0.371447
426	0.546921	0.372341
427	0.546782	0.371039
428	0.546698	0.369608
429	0.546623	0.371563
430	0.546486	0.371731
431	0.546391	0.371657
432	0.546498	0.370794
433	0.546403	0.372126
434	0.546297	0.369477
435	0.546117	0.370592
436	0.545883	0.371637
437	0.545802	0.369559
438	0.545762	0.369877
439	0.545607	0.370124
440	0.545594	0.369855
441	0.545599	0.3675
442	0.545419	0.370561
443	0.545279	0.368719
444	0.545224	0.370244
445	0.545205	0.36909
446	0.545078	0.368044
447	0.545253	0.367758
448	0.545185	0.369545
449	0.544969	0.369887
450	0.544804	0.368047
451	0.544755	0.369318
452	0.544688	0.366717
453	0.544755	0.368189
454	0.544494	0.368442
455	0.544434	0.369996
456	0.544446	0.36798
457	0.544417	0.367286
458	0.544268	0.367941
459	0.5441	0.369103
460	0.54419	0.36732
461	0.543966	0.368816
462	0.543863	0.365647
463	0.54378	0.367832
464	0.543761	0.367691
465	0.543668	0.364506
466	0.543631	0.366667
467	0.543613	0.36557
468	0.543352	0.366248
469	0.54358	0.368274
470	0.543316	0.364736
471	0.543297	0.367359
472	0.543275	0.364991
473	0.543051	0.364166
474	0.54312	0.365569
475	0.543012	0.365822
476	0.542834	0.365049
477	0.5427	0.365349
478	0.542607	0.365641
479	0.542636	0.36322
480	0.542664	0.363431
481	0.542661	0.366606
482	0.542399	0.366082
483	0.542286	0.36423
484	0.542315	0.36572
485	0.542168	0.364366
486	0.542341	0.363716
487	0.542206	0.364083
488	0.541877	0.36273
489	0.541812	0.363484
490	0.54174	0.365546
491	0.541741	0.365645
492	0.541686	0.363239
493	0.541668	0.364362
494	0.541496	0.363312
495	0.54147	0.363471
496	0.54143	0.364171
497	0.541251	0.362443
498	0.541188	0.36458
499	0.541081	0.361828
500	0.541103	0.3618
501	0.541056	0.363144
502	0.541048	0.362316
503	0.540902	0.362904
504	0.540821	0.362746
505	0.540818	0.360983
506	0.540742	0.360169
507	0.540842	0.362401
508	0.540687	0.363253
509	0.540455	0.362568
510	0.540487	0.361531
511	0.540276	0.361316
512	0.540235	0.362303
513	0.540157	0.361648
514	0.53996	0.359801
515	0.539824	0.360108
516	0.540067	0.362177
517	0.540043	0.360795
518	0.539912	0.360498
519	0.539953	0.361091
520	0.539801	0.359287
521	0.539736	0.360038
522	0.539684	0.361301
523	0.539765	0.358237
524	0.539593	0.359839
525	0.539388	0.359019
526	0.539285	0.35993
527	0.539305	0.359045
528	0.539281	0.358492
529	0.539179	0.358611
530	0.539155	0.359621
531	0.53901	0.359023
532	0.538904	0.359175
533	0.538835	0.358908
534	0.538898	0.360094
535	0.538701	0.358649
536	0.5387	0.358777
537	0.538563	0.359208
538	0.538495	0.359521
539	0.53848	0.357741
540	0.5383	0.358496
541	0.538198	0.358403
542	0.538339	0.358173
543	0.53834	0.358414
544	0.538105	0.357863
545	0.538222	0.359445
546	0.538132	0.357603
547	0.538009	0.35597
548	0.538033	0.357212
549	0.537887	0.357754
550	0.53785	0.356656
551	0.537808	0.357072
552	0.537737	0.357453
553	0.537524	0.356438
554	0.537467	0.355565
555	0.537438	0.355443
556	0.537365	0.355866
557	0.537263	0.356485
558	0.537131	0.355618
559	0.537081	0.356371
560	0.537201	0.355751
561	0.536965	0.354793
562	0.537056	0.354959
563	0.537095	0.355097
564	0.536937	0.356338
565	0.536985	0.355236
566	0.536768	0.356457
567	0.536691	0.354068
568	0.536415	0.357507
569	0.536505	0.353736
570	0.536525	0.354315
571	0.536459	0.356263
572	0.536459	0.355535
573	0.536332	0.355479
574	0.536345	0.355294
575	0.536347	0.354549
576	0.536089	0.355016
577	0.536056	0.354182
578	0.53608	0.353551
579	0.536033	0.35581
580	0.535878	0.352479
581	0.535753	0.35406
582	0.535744	0.352575
583	0.535661	0.354523
584	0.535661	0.353749
585	0.535672	0.352874
586	0.535678	0.353399
587	0.53546	0.355742
588	0.535323	0.352793
589	0.535282	0.354374
590	0.535237	0.352561
591	0.535309	0.353837
592	0.535198	0.352883
593	0.53526	0.353807
594	0.535181	0.350654
595	0.534928	0.35133
596	0.534853	0.352844
597	0.534789	0.353386
598	0.534805	0.351558
599	0.534756	0.351558
600	0.53467	0.35246
601	0.534653	0.35357
602	0.534589	0.353316
603	0.53456	0.351178
604	0.534308	0.351189
605	0.534434	0.351318
606	0.534341	0.350908
607	0.534278	0.351634
608	0.534459	0.35129
609	0.5344	0.351332
610	0.53416	0.35062
611	0.534092	0.352192
612	0.534059	0.353194
613	0.534052	0.350037
614	0.533975	0.35008
615	0.533945	0.349816
616	0.53401	0.349636
617	0.53389	0.350439
618	0.533776	0.349862
619	0.533801	0.349645
620	0.533478	0.350539
621	0.53355	0.349422
622	0.533334	0.350583
623	0.533249	0.350529
624	0.533187	0.34969
625	0.533267	0.348848
626	0.533189	0.350803
627	0.533174	0.349264
628	0.533195	0.350737
629	0.533152	0.35049
630	0.532965	0.348622
631	0.532849	0.349265
632	0.532776	0.347424
633	0.532767	0.349709
634	0.532749	0.349063
635	0.532817	0.348301
636	0.532642	0.348332
637	0.532371	0.348497
638	0.532393	0.347894
639	0.532454	0.348542
640	0.532315	0.349141
641	0.532394	0.34591
642	0.532337	0.347966
643	0.532302	0.347188
644	0.532252	0.346988
645	0.532284	0.346876
646	0.53212	0.347773
647	0.532039	0.34895
648	0.532083	0.348824
649	0.531839	0.346144
650	0.531826	0.346591
651	0.53202	0.348343
652	0.531755	0.347216
653	0.531966	0.346165
654	0.531881	0.347179
655	0.531584	0.346308
656	0.531669	0.347964
657	0.531546	0.346073
658	0.531593	0.345697
659	0.531531	0.349199
660	0.531449	0.345667
661	0.531149	0.345121
662	0.531129	0.345866
663	0.531019	0.345653
664	0.531038	0.344941
665	0.531133	0.346641
666	0.531056	0.345952
667	0.531133	0.345219
668	0.531154	0.344877
669	0.530927	0.344365
670	0.530771	0.345503
671	0.530703	0.345409
672	0.530848	0.345403
673	0.530838	0.343422
674	0.530789	0.345672
675	0.530733	0.344754
676	0.530729	0.344213
677	0.530569	0.346191
678	0.53023	0.344598
679	0.530317	0.345229
680	0.530318	0.344827
681	0.530424	0.343728
682	0.530311	0.34383
683	0.530168	0.344579
684	0.530198	0.344498
685	0.530177	0.342473
686	0.530101	0.345195
687	0.530036	0.345742
688	0.530082	0.343432
689	0.530014	0.342884
690	0.530139	0.342539
691	0.530045	0.343275
692	0.529867	0.344426
693	0.529604	0.341397
694	0.529536	0.343899
695	0.52978	0.34241
696	0.52976	0.342787
697	0.529487	0.343358
698	0.529477	0.342144
699	0.529277	0.342667
700	0.529215	0.343365
701	0.529214	0.341764
702	0.529341	0.341984
703	0.529157	0.343079
704	0.529061	0.341323
705	0.52919	0.341309
706	0.52923	0.342736
707	0.529073	0.342333
708	0.528836	0.341813
709	0.528863	0.339885
710	0.528789	0.340786
711	0.52887	0.342378
712	0.52898	0.342236
713	0.528794	0.340004
714	0.52876	0.341873
715	0.528837	0.341415
716	0.528882	0.3415
717	0.528703	0.341434
718	0.528718	0.339727
719	0.528409	0.34228
720	0.528569	0.339083
721	0.528692	0.341703
722	0.528504	0.341303
723	0.528362	0.340217
724	0.528396	0.33961
725	0.52816	0.341003
726	0.528058	0.340532
727	0.528056	0.337695
728	0.528048	0.34141
729	0.528107	0.33981
730	0.528144	0.339713
731	0.528227	0.340911
732	0.52798	0.338216
733	0.528008	0.338768
734	0.527941	0.340143
735	0.528025	0.339685
736	0.527826	0.337
737	0.527728	0.339466
738	0.52756	0.338856
739	0.527591	0.337321
740	0.527433	0.34074
741	0.527354	0.339827
742	0.527564	0.339603
743	0.52766	0.339336
744	0.527484	0.338821
745	0.527326	0.33873
746	0.527439	0.338205
747	0.527467	0.339403
748	0.527277	0.338356
749	0.527107	0.339042
750	0.527002	0.338029
751	0.527045	0.337712
752	0.526985	0.337945
753	0.526962	0.339144
754	0.526943	0.337653
755	0.526972	0.337619
756	0.526891	0.339432
757	0.526747	0.336611
758	0.52686	0.336961
759	0.526663	0.337886
760	0.526574	0.336296
761	0.526688	0.337057
762	0.526874	0.335985
763	0.526586	0.335558
764	0.526581	0.337102
765	0.526472	0.338117
766	0.52657	0.336398
767	0.526308	0.334345
768	0.526367	0.334871
769	0.526269	0.337083
770	0.52624	0.337687
771	0.526223	0.334847
772	0.526084	0.336098
773	0.526041	0.336345
774	0.526089	0.337139
775	0.52599	0.33518
776	0.525903	0.33564
777	0.525931	0.335693
778	0.525803	0.334974
779	0.525742	0.334096
780	0.525798	0.333643
781	0.525735	0.335068
782	0.525726	0.335373
783	0.525845	0.335154
784	0.525692	0.33542
785	0.525499	0.335196
786	0.525548	0.335923
787	0.525542	0.334292
788	0.525572	0.334711
789	0.525593	0.334249
790	0.525549	0.334763
791	0.525603	0.333081
792	0.525427	0.333875
793	0.525197	0.333842
794	0.525239	0.334143
795	0.525195	0.336396
796	0.525185	0.333571
797	0.525194	0.335421
798	0.525183	0.334201
799	0.525221	0.33394
800	0.525269	0.333864
801	0.525243	0.333167
802	0.524852	0.333869
803	0.524761	0.334031
804	0.524737	0.333226
805	0.524658	0.334295
806	0.524779	0.332099
807	0.524737	0.333791
808	0.524694	0.332808
809	0.524565	0.332476
810	0.52424	0.33405
811	0.524353	0.33336
812	0.524215	0.332101
813	0.524269	0.333825
814	0.524351	0.331925
815	0.524322	0.333257
816	0.524339	0.334125
817	0.524407	0.331885
818	0.524316	0.334712
819	0.52418	0.33166
820	0.524194	0.331497
821	0.524179	0.331148
822	0.524042	0.33209
823	0.524086	0.331884
824	0.523935	0.331326
825	0.524023	0.334023
826	0.523959	0.331554
827	0.523863	0.330062
828	0.523802	0.333199
829	0.523739	0.331908
830	0.523706	0.330476
831	0.523635	0.330848
832	0.523745	0.331921
833	0.523629	0.330288
834	0.523572	0.331478
835	0.523636	0.33131
836	0.523694	0.331866
837	0.52359	0.331268
838	0.523407	0.329317
839	0.523427	0.329893
840	0.523385	0.332355
841	0.523369	0.330963
842	0.523395	0.329435
843	0.523499	0.331083
844	0.523342	0.331473
845	0.523363	0.330743
846	0.523361	0.328358
847	0.523399	0.330285
848	0.52341	0.327507
849	0.523187	0.329927
850	0.523129	0.329356
851	0.523157	0.329522
852	0.523273	0.331104
853	0.523195	0.330128
854	0.523058	0.329086
855	0.522916	0.330095
856	0.522799	0.329026
857	0.52278	0.330212
858	0.522749	0.329868
859	0.522696	0.329028
860	0.522648	0.326975
861	0.522655	0.328785
862	0.522594	0.327338
863	0.522585	0.329813
864	0.522755	0.328964
865	0.522514	0.33014
866	0.52245	0.328563
867	0.522356	0.328334
868	0.522318	0.328136
869	0.522167	0.327272
870	0.522093	0.328809
871	0.522094	0.327616
872	0.522215	0.328337
873	0.52233	0.327672
874	0.522193	0.32782
875	0.522154	0.327145
876	0.522276	0.328279
877	0.52222	0.327559
878	0.522077	0.327785
879	0.521936	0.32622
880	0.522069	0.328032
881	0.522028	0.327938
882	0.52195	0.327561
883	0.521809	0.32811
884	0.521698	0.325596
885	0.521722	0.325872
886	0.521675	0.325729
887	0.521688	0.327645
888	0.521605	0.32538
889	0.521698	0.325758
890	0.52174	0.325293
891	0.521769	0.32654
892	0.521796	0.32526
893	0.521636	0.326134
894	0.521512	0.326547
895	0.521526	0.325177
896	0.521506	0.328279
897	0.521461	0.323903
898	0.521549	0.325619
899	0.521287	0.325182
900	0.521465	0.326393
901	0.521167	0.326235
902	0.52116	0.32559
903	0.52114	0.326461
904	0.521343	0.323526
905	0.521228	0.323942
906	0.521149	0.324831
907	0.521052	0.325131
908	0.521066	0.326117
909	0.521046	0.325418
910	0.520965	0.324469
911	0.520859	0.324592
912	0.520846	0.324982
913	0.520824	0.324668
914	0.520634	0.324237
915	0.520605	0.323181
916	0.520745	0.32412
917	0.520776	0.324898
918	0.520701	0.322993
919	0.5207	0.325028
920	0.520631	0.323794
921	0.52063	0.322708
922	0.520652	0.323475
923	0.520649	0.324279
924	0.520476	0.324133
925	0.520571	0.325329
926	0.520454	0.322655
927	0.520484	0.323428
928	0.520465	0.324393
929	0.520367	0.322312
930	0.52049	0.322909
931	0.520509	0.32416
932	0.520365	0.323257
933	0.520221	0.322889
934	0.520269	0.323879
935	0.520265	0.325601
936	0.5202	0.322166
937	0.520158	0.321716
938	0.519999	0.323824
939	0.520124	0.322153
940	0.520155	0.323943
941	0.519958	0.322887
942	0.519998	0.321635
943	0.520033	0.322388
944	0.519959	0.321814
945	0.519942	0.322003
946	0.519867	0.321653
947	0.519841	0.322619
948	0.519891	0.319782
949	0.519877	0.320322
950	0.519853	0.321274
951	0.519774	0.322421
952	0.519671	0.321033
953	0.519658	0.32326
954	0.519549	0.320604
955	0.519441	0.319762
956	0.519482	0.320522
957	0.519359	0.320823
958	0.51933	0.32016
959	0.519481	0.320503
960	0.519495	0.320173
961	0.51951	0.321126
962	0.519416	0.321221
963	0.519241	0.321861
964	0.519194	0.320487
965	0.519318	0.319404
966	0.519192	0.321771
967	0.519355	0.320367
968	0.519417	0.319443
969	0.519325	0.318937
970	0.519098	0.319853
971	0.519199	0.320622
972	0.519125	0.319532
973	0.51915	0.321417
974	0.518947	0.320141
975	0.518881	0.319571
976	0.518938	0.321029
977	0.51878	0.320666
978	0.518852	0.318054
979	0.518861	0.320118
980	0.518961	0.319182
981	0.518833	0.319667
982	0.518867	0.3204
983	0.518699	0.32088
984	0.518851	0.317838
985	0.518929	0.318777
986	0.518723	0.319027
987	0.518833	0.318603
988	0.518828	0.319211
989	0.518784	0.317725
990	0.518706	0.317381
991	0.518681	0.317376
992	0.518643	0.316935
993	0.518482	0.317143
994	0.518457	0.319841
995	0.518311	0.31766
996	0.518277	0.317268
997	0.518266	0.319013
998	0.518393	0.318456
999	0.518384	0.317017
1000	0.518367	0.317203
1001	0.518372	0.318219
1002	0.518219	0.317859
1003	0.518222	0.31598
1004	0.517984	0.318439
1005	0.517987	0.31739
1006	0.5181	0.316313
1007	0.518062	0.318556
1008	0.517993	0.317028
1009	0.518095	0.316953
1010	0.517998	0.317533
1011	0.517988	0.317502
1012	0.517801	0.317386
1013	0.517767	0.317226
1014	0.517598	0.317812
1015	0.517461	0.316835
1016	0.517549	0.315256
1017	0.517569	0.314899
1018	0.517475	0.317512
1019	0.517683	0.315351
1020	0.517643	0.317356
1021	0.517526	0.314976
1022	0.517596	0.316456
1023	0.517504	0.316882
1024	0.517618	0.315859
1025	0.517432	0.315902
1026	0.517205	0.316887
1027	0.517075	0.315651
1028	0.517224	0.315124
1029	0.517376	0.314087
1030	0.517385	0.31538
1031	0.517333	0.316298
1032	0.517386	0.314274
1033	0.517131	0.315395
1034	0.516991	0.3151
1035	0.517056	0.3153
1036	0.516973	0.316101
1037	0.516947	0.316295
1038	0.516875	0.31642
1039	0.516875	0.313875
1040	0.516824	0.315331
1041	0.516832	0.31474
1042	0.516955	0.313684
1043	0.516822	0.31418
1044	0.516952	0.313992
1045	0.516855	0.314137
1046	0.516946	0.314042
1047	0.517023	0.314478
1048	0.516977	0.315157
1049	0.516907	0.313483
1050	0.516783	0.315038
1051	0.51679	0.31491
1052	0.516548	0.314267
1053	0.516498	0.314447
1054	0.516696	0.313054
1055	0.516881	0.313708
1056	0.516785	0.313248
1057	0.516666	0.312547
1058	0.516699	0.313847
1059	0.516521	0.3145
1060	0.516583	0.312505
1061	0.516484	0.314271
1062	0.516383	0.314387
1063	0.516321	0.311994
1064	0.516565	0.315444
1065	0.516288	0.312194
1066	0.516422	0.313284
1067	0.516281	0.314004
1068	0.516364	0.313365
1069	0.516148	0.312025
1070	0.516054	0.312436
1071	0.516073	0.311959
1072	0.516142	0.313853
1073	0.516066	0.311766
1074	0.516128	0.312161
1075	0.516263	0.310955
1076	0.515913	0.311797
1077	0.516035	0.311762
1078	0.516109	0.312511
1079	0.516023	0.313489
1080	0.515972	0.311896
1081	0.516034	0.313128
1082	0.516149	0.310305
1083	0.516163	0.309779
1084	0.516064	0.312168
1085	0.516247	0.311872
1086	0.51597	0.311859
1087	0.515765	0.312386
1088	0.515778	0.312838
1089	0.515701	0.310121
1090	0.515706	0.310667
1091	0.515634	0.309892
1092	0.51577	0.310939
1093	0.515531	0.30967
1094	0.515667	0.310471
1095	0.515604	0.309473
1096	0.515625	0.309233
1097	0.51552	0.311186
1098	0.515536	0.311731
1099	0.515479	0.309632
1100	0.515631	0.31141
1101	0.515487	0.31095
1102	0.515577	0.30981
1103	0.515572	0.309878
1104	0.515564	0.31003
1105	0.515476	0.30794
1106	0.515639	0.308863
1107	0.515368	0.311345
1108	0.515379	0.309874
1109	0.515399	0.309082
1110	0.515401	0.311199
1111	0.515506	0.308359
1112	0.515483	0.308577
1113	0.515553	0.310156
1114	0.515291	0.310113
1115	0.515417	0.30932
1116	0.515345	0.308368
1117	0.51517	0.308744
1118	0.51509	0.309956
1119	0.515008	0.311203
1120	0.514978	0.308416
1121	0.515051	0.307674
1122	0.515001	0.309223
1123	0.514987	0.308757
1124	0.515041	0.307292
1125	0.514976	0.309022
1126	0.515068	0.308606
1127	0.514925	0.308831
1128	0.515088	0.310975
1129	0.515003	0.308628
1130	0.514988	0.308767
1131	0.515031	0.308806
1132	0.514954	0.30673
1133	0.514787	0.308653
1134	0.514785	0.308628
1135	0.514763	0.30872
1136	0.514909	0.305706
1137	0.514786	0.308113
1138	0.514621	0.307619
1139	0.514764	0.308063
1140	0.514667	0.306652
1141	0.514792	0.30746
1142	0.51475	0.306473
1143	0.5146	0.307327
1144	0.514527	0.307847
1145	0.514795	0.307293
1146	0.514626	0.306317
1147	0.514502	0.30519
1148	0.514564	0.306067
1149	0.514476	0.306215
1150	0.514485	0.305201
1151	0.514521	0.306022
1152	0.514533	0.306414
1153	0.51448	0.304632
1154	0.514555	0.305698
1155	0.514374	0.30852
1156	0.514164	0.30606
1157	0.514361	0.305496
1158	0.514298	0.307397
1159	0.514381	0.306619
1160	0.514144	0.304812
1161	0.514117	0.307153
1162	0.514308	0.305887
1163	0.514307	0.305716
1164	0.514343	0.305292
1165	0.514284	0.305557
1166	0.514119	0.305193
1167	0.514223	0.304483
1168	0.514373	0.30467
1169	0.514239	0.306119
1170	0.514331	0.305714
1171	0.514225	0.304301
1172	0.514134	0.30577
1173	0.514111	0.305153
1174	0.514215	0.305411
1175	0.514072	0.305239
1176	0.514186	0.305564
1177	0.5141	0.304479
1178	0.513898	0.3045
1179	0.513695	0.304566
1180	0.513759	0.302721
1181	0.513798	0.304674
1182	0.513811	0.30475
1183	0.513826	0.305661
1184	0.513734	0.304283
1185	0.513658	0.304373
1186	0.513639	0.30288
1187	0.51371	0.305021
1188	0.513672	0.305217
1189	0.513608	0.303794
1190	0.513543	0.304628
1191	0.513616	0.304926
1192	0.513477	0.304787
1193	0.513424	0.304196
1194	0.513523	0.304335
1195	0.513387	0.305797
1196	0.513403	0.303349
1197	0.513307	0.30326
1198	0.513327	0.304373
1199	0.513436	0.302669
1200	0.51335	0.303976
1201	0.51347	0.303642
1202	0.513357	0.304093
1203	0.513365	0.303094
1204	0.513253	0.303834
1205	0.513191	0.302521
1206	0.513247	0.303684
1207	0.513274	0.301968
1208	0.513329	0.303514
1209	0.513238	0.300774
1210	0.513086	0.303374
1211	0.512886	0.30092
1212	0.512914	0.302148
1213	0.512887	0.303146
1214	0.512944	0.301292
1215	0.513024	0.303777
1216	0.513041	0.300776
1217	0.513145	0.30319
1218	0.513118	0.302353
1219	0.51322	0.300366
1220	0.51302	0.302844
1221	0.513113	0.301651
1222	0.513156	0.301661
1223	0.513083	0.300902
1224	0.513054	0.301919
1225	0.513046	0.300854
1226	0.512946	0.30128
1227	0.51303	0.302138
1228	0.512816	0.301905
1229	0.512791	0.301442
1230	0.51298	0.300393
1231	0.513054	0.301615
1232	0.51286	0.30093
1233	0.512784	0.299842
1234	0.512799	0.301971
1235	0.513004	0.300816
1236	0.512984	0.30155
1237	0.512828	0.301368
1238	0.512733	0.301247
1239	0.512629	0.299211
1240	0.512497	0.300677
1241	0.512685	0.302297
1242	0.512789	0.300574
1243	0.512678	0.299557
1244	0.512447	0.299861
1245	0.512411	0.29907
1246	0.512662	0.298409
1247	0.512384	0.300948
1248	0.512709	0.300249
1249	0.512765	0.299662
1250	0.512753	0.299395
1251	0.512737	0.300362
1252	0.512819	0.298889
1253	0.512703	0.298938
1254	0.512412	0.301025
1255	0.512406	0.299829
1256	0.512334	0.29906
1257	0.512409	0.299459
1258	0.512326	0.300418
1259	0.512304	0.300244
1260	0.512449	0.299926
1261	0.51233	0.297402
1262	0.512365	0.298815
1263	0.512287	0.297103
1264	0.512246	0.298514
1265	0.512182	0.299647
1266	0.512267	0.297902
1267	0.512267	0.29915
1268	0.512084	0.299819
1269	0.512108	0.297617
1270	0.511996	0.298404
1271	0.511982	0.299804
1272	0.512144	0.298149
1273	0.512089	0.298237
1274	0.512228	0.298064
1275	0.51227	0.296424
1276	0.512371	0.299433
1277	0.512191	0.298552
1278	0.512247	0.29736
1279	0.512269	0.29871
1280	0.512225	0.298906
1281	0.512183	0.298157
1282	0.512108	0.298365
1283	0.511975	0.298964
1284	0.512071	0.299068
1285	0.511998	0.296286
1286	0.511937	0.299224
1287	0.512005	0.297906
1288	0.512167	0.299628
1289	0.512287	0.295721
1290	0.512457	0.298423
1291	0.512164	0.295986
1292	0.512021	0.298497
1293	0.512055	0.29687
1294	0.512142	0.297933
1295	0.511879	0.297362
1296	0.511995	0.296268
1297	0.512084	0.296523
1298	0.512067	0.296243
1299	0.512096	0.298065
1300	0.512144	0.297398
1301	0.511926	0.29537
1302	0.512049	0.296698
1303	0.511871	0.295339
1304	0.511792	0.296131
1305	0.51207	0.294871
1306	0.51199	0.29628
1307	0.5119	0.297315
1308	0.512032	0.297077
1309	0.511909	0.296615
1310	0.512083	0.295559
1311	0.51208	0.295953
1312	0.511804	0.294836
1313	0.512018	0.296444
1314	0.511861	0.295134
1315	0.511828	0.295149
1316	0.511882	0.296031
1317	0.511806	0.295563
1318	0.511922	0.294446
1319	0.511915	0.295652
1320	0.511786	0.296671
1321	0.511601	0.295861
1322	0.511571	0.294949
1323	0.511759	0.294139
1324	0.511761	0.294806
1325	0.511656	0.295045
1326	0.511512	0.295731
1327	0.51156	0.293605
1328	0.511373	0.296223
1329	0.511469	0.294537
1330	0.511593	0.295053
1331	0.511589	0.293491
1332	0.511553	0.293652
1333	0.511333	0.296408
1334	0.511273	0.295364
1335	0.511332	0.293463
1336	0.511418	0.294995
1337	0.511243	0.293575
1338	0.511235	0.291816
1339	0.511573	0.29316
1340	0.511183	0.294123
1341	0.51136	0.295254
1342	0.511435	0.294186
1343	0.511438	0.293229
1344	0.511216	0.29509
1345	0.511169	0.294812
1346	0.511081	0.293872
1347	0.511236	0.294812
1348	0.511084	0.293484
1349	0.511088	0.293281
1350	0.511333	0.293422
1351	0.511409	0.293765
1352	0.511209	0.293524
1353	0.51091	0.29214
1354	0.511031	0.292798
1355	0.511114	0.2936
1356	0.511193	0.292362
1357	0.511168	0.291872
1358	0.511063	0.293681
1359	0.511178	0.293299
1360	0.511107	0.29276
1361	0.511114	0.293015
1362	0.511	0.29235
1363	0.510937	0.293864
1364	0.510969	0.291725
1365	0.511027	0.291966
1366	0.51106	0.291873
1367	0.511115	0.291835
1368	0.511085	0.290721
1369	0.511162	0.292509
1370	0.511448	0.291109
1371	0.511204	0.29254
1372	0.511185	0.291684
1373	0.511551	0.289842
1374	0.511325	0.291492
1375	0.511312	0.293022
1376	0.511059	0.291973
1377	0.51113	0.290653
1378	0.51113	0.290962
1379	0.510791	0.290566
1380	0.510963	0.291426
1381	0.511066	0.291386
1382	0.510957	0.291216
1383	0.51105	0.291007
1384	0.511001	0.291804
1385	0.510836	0.289868
1386	0.510938	0.290974
1387	0.511084	0.290416
1388	0.511054	0.290549
1389	0.51122	0.290368
1390	0.511218	0.289372
1391	0.511046	0.291979
1392	0.511169	0.290717
1393	0.51118	0.289226
1394	0.511046	0.290695
1395	0.511226	0.290168
1396	0.511243	0.291576
1397	0.511105	0.290259
1398	0.510999	0.289814
1399	0.510912	0.289123
1400	0.510966	0.291029
1401	0.510997	0.291766
1402	0.510772	0.289474
1403	0.51076	0.291149
1404	0.510879	0.289787
1405	0.510765	0.28893
1406	0.510715	0.287083
1407	0.51073	0.28846
1408	0.510619	0.289569
1409	0.510574	0.290057
1410	0.510685	0.289939
1411	0.510599	0.289917
1412	0.510699	0.289553
1413	0.510876	0.28831
1414	0.510712	0.28998
1415	0.511021	0.28876
1416	0.510739	0.291687
1417	0.510813	0.29041
1418	0.510546	0.288318
1419	0.510499	0.289063
1420	0.510607	0.287889
1421	0.510518	0.289803
1422	0.510667	0.288752
1423	0.510621	0.287969
1424	0.510757	0.28817
1425	0.510446	0.29065
1426	0.510456	0.288781
1427	0.510611	0.288798
1428	0.510598	0.288388
1429	0.510384	0.288071
1430	0.510482	0.288146
1431	0.510409	0.288782
1432	0.510445	0.28723
1433	0.510438	0.288152
1434	0.51052	0.287634
1435	0.510598	0.287364
1436	0.510647	0.288466
1437	0.510375	0.286772
1438	0.510247	0.287847
1439	0.510113	0.287011
1440	0.510358	0.287951
1441	0.51044	0.286829
1442	0.510273	0.288026
1443	0.510441	0.2871
1444	0.510358	0.286481
1445	0.510373	0.286587
1446	0.510346	0.286873
1447	0.510286	0.285684
1448	0.510334	0.287577
1449	0.510184	0.287146
1450	0.510078	0.287145
1451	0.510086	0.28614
1452	0.509916	0.285244
1453	0.510143	0.286595
1454	0.510041	0.288359
1455	0.510099	0.286609
1456	0.510296	0.286321
1457	0.510491	0.287463
1458	0.510556	0.287357
1459	0.510518	0.285468
1460	0.510364	0.28633
1461	0.510224	0.284643
1462	0.510258	0.284952
1463	0.510268	0.286021
1464	0.510387	0.28721
1465	0.510292	0.286464
1466	0.510344	0.285128
1467	0.510558	0.284216
1468	0.510647	0.287421
1469	0.510533	0.286429
1470	0.51028	0.284883
1471	0.510324	0.285673
1472	0.510143	0.285647
1473	0.510304	0.284343
1474	0.510272	0.284832
1475	0.510403	0.286807
1476	0.510269	0.284746
1477	0.510173	0.287521
1478	0.510159	0.284058
1479	0.51031	0.285314
1480	0.510433	0.283181
1481	0.510252	0.285041
1482	0.51045	0.28553
1483	0.510459	0.284231
1484	0.510418	0.285995
1485	0.510243	0.285185
1486	0.510277	0.286687
1487	0.510381	0.283158
1488	0.510336	0.283421
1489	0.510328	0.284796
1490	0.510401	0.284977
1491	0.510274	0.284204
1492	0.510439	0.284482
1493	0.510048	0.285438
1494	0.510277	0.283282
1495	0.510228	0.285309
1496	0.510368	0.284353
1497	0.510424	0.283629
1498	0.510298	0.283135
1499	0.5102	0.28442
1500	0.51019	0.283738
1501	0.510338	0.283227
1502	0.510299	0.282701
1503	0.510159	0.283532
1504	0.51022	0.282119
1505	0.510535	0.283357
1506	0.510424	0.284428
1507	0.510173	0.28336
1508	0.510226	0.282932
1509	0.51002	0.283273
1510	0.509867	0.282921
1511	0.50989	0.282896
1512	0.510044	0.28193
1513	0.509948	0.282349
1514	0.510238	0.283164
1515	0.510068	0.282832
1516	0.51011	0.281874
1517	0.510067	0.282137
1518	0.510079	0.282007
1519	0.509884	0.282622
1520	0.509801	0.280617
1521	0.509763	0.281585
1522	0.50995	0.282288
1523	0.510086	0.282959
1524	0.509962	0.28369
1525	0.509939	0.281729
1526	0.510075	0.281674
1527	0.510061	0.281734
1528	0.509822	0.282014
1529	0.509873	0.282295
1530	0.510022	0.281682
1531	0.509958	0.282934
1532	0.510101	0.281385
1533	0.51008	0.281742
1534	0.509834	0.28111
1535	0.510027	0.280899
1536	0.509985	0.282467
1537	0.509907	0.279707
1538	0.509886	0.281091
1539	0.510153	0.281656
1540	0.510053	0.281854
1541	0.510107	0.280749
1542	0.510404	0.280796
1543	0.510327	0.280459
1544	0.5103	0.281763
1545	0.51011	0.281449
1546	0.510191	0.281343
1547	0.510045	0.281476
1548	0.510003	0.281556
1549	0.510024	0.278932
1550	0.50996	0.279884
1551	0.510193	0.281962
1552	0.510208	0.281571
1553	0.510086	0.280441
1554	0.510237	0.28167
1555	0.510089	0.279497
1556	0.510107	0.280484
1557	0.509778	0.281522
1558	0.509665	0.280283
1559	0.509847	0.28125
1560	0.509794	0.279939
1561	0.509536	0.278245
1562	0.509882	0.278905
1563	0.509974	0.279756
1564	0.510018	0.278491
1565	0.510216	0.28096
1566	0.509975	0.279701
1567	0.509805	0.280082
1568	0.509832	0.280195
1569	0.509948	0.279002
1570	0.51009	0.28074
1571	0.50986	0.277814
1572	0.510012	0.279263
1573	0.510136	0.278245
1574	0.510139	0.279446
1575	0.510153	0.280162
1576	0.510152	0.280097
1577	0.510006	0.278956
1578	0.509977	0.278031
1579	0.509901	0.278591
1580	0.510097	0.279727
1581	0.509899	0.279246
1582	0.509809	0.277891
1583	0.50976	0.277297
1584	0.50981	0.279018
1585	0.509786	0.277393
1586	0.509989	0.277475
1587	0.509926	0.277748
1588	0.509855	0.27974
1589	0.509832	0.279183
1590	0.509805	0.277259
1591	0.509773	0.278778
1592	0.509704	0.277557
1593	0.509763	0.277815
1594	0.509781	0.277468
1595	0.509828	0.278325
1596	0.509691	0.276922
1597	0.509521	0.277456
1598	0.509587	0.275885
1599	0.509694	0.276701
1600	0.50975	0.276659
1601	0.509949	0.277614
1602	0.509926	0.277493
1603	0.509742	0.278917
1604	0.509631	0.27962
1605	0.510015	0.276071
1606	0.509843	0.278675
1607	0.50991	0.277704
1608	0.509971	0.276367
1609	0.50974	0.27726
1610	0.509854	0.275668
1611	0.509902	0.278469
1612	0.509955	0.276674
1613	0.509853	0.277198
1614	0.509821	0.275987
1615	0.509915	0.275384
1616	0.510018	0.277363
1617	0.509933	0.277538
1618	0.50982	0.276808
1619	0.509891	0.276272
1620	0.509707	0.276173
1621	0.509662	0.276184
1622	0.509808	0.276337
1623	0.509782	0.276515
1624	0.509995	0.276387
1625	0.509852	0.276969
1626	0.509999	0.276709
1627	0.509863	0.276092
1628	0.510045	0.275823
1629	0.509623	0.276533
1630	0.509798	0.274642
1631	0.509905	0.274799
1632	0.510094	0.275807
1633	0.509888	0.276789
1634	0.509948	0.276288
1635	0.509982	0.276015
1636	0.510013	0.27514
1637	0.509816	0.276959
1638	0.510012	0.27721
1639	0.509769	0.275228
1640	0.50985	0.274874
1641	0.509598	0.27442
1642	0.509528	0.274764
1643	0.50971	0.274104
1644	0.509816	0.275825
1645	0.509804	0.274105
1646	0.509715	0.274351
1647	0.509459	0.27554
1648	0.509601	0.275844
1649	0.509731	0.275166
1650	0.509523	0.273204
1651	0.50938	0.273666
1652	0.509482	0.275154
1653	0.50962	0.27448
1654	0.509684	0.274123
1655	0.509582	0.274853
1656	0.50984	0.274743
1657	0.509823	0.274472
1658	0.509607	0.27524
1659	0.509446	0.274332
1660	0.509621	0.274814
1661	0.509534	0.274457
1662	0.509868	0.27241
1663	0.510121	0.27221
1664	0.509954	0.272183
1665	0.509955	0.272685
1666	0.509661	0.274044
1667	0.509733	0.27373
1668	0.50969	0.273187
1669	0.509845	0.273955
1670	0.509873	0.273935
1671	0.509894	0.274539
1672	0.509825	0.274714
1673	0.509796	0.274422
1674	0.509679	0.274497
1675	0.509847	0.273941
1676	0.509864	0.271457
1677	0.509756	0.274857
1678	0.509753	0.272839
1679	0.509638	0.273709
1680	0.509581	0.272174
1681	0.509606	0.275081
1682	0.509815	0.272376
1683	0.509901	0.272202
1684	0.509707	0.272804
1685	0.509669	0.27234
1686	0.509733	0.272577
1687	0.509611	0.272957
1688	0.509536	0.273512
1689	0.509636	0.272477
1690	0.509399	0.272116
1691	0.509441	0.271175
1692	0.509537	0.271923
1693	0.509567	0.271535
1694	0.509691	0.272844
1695	0.510021	0.272967
1696	0.509852	0.272653
1697	0.509884	0.272345
1698	0.509669	0.271364
1699	0.509764	0.269907
1700	0.509519	0.272328
1701	0.509382	0.27222
1702	0.509521	0.271271
1703	0.509676	0.274878
1704	0.509899	0.272105
1705	0.509866	0.269701
1706	0.509999	0.271195
1707	0.509645	0.270712
1708	0.509678	0.270405
1709	0.509584	0.269767
1710	0.509461	0.271179
1711	0.509811	0.271369
1712	0.509848	0.271082
1713	0.50992	0.273471
1714	0.510098	0.271656
1715	0.509972	0.269987
1716	0.509921	0.26904
1717	0.509811	0.271583
1718	0.509907	0.270548
1719	0.509668	0.270112
1720	0.509555	0.271774
1721	0.50972	0.269869
1722	0.509691	0.271868
1723	0.50977	0.270496
1724	0.50951	0.269529
1725	0.509572	0.271561
1726	0.509736	0.271712
1727	0.509676	0.271291
1728	0.509812	0.271853
1729	0.509854	0.269293
1730	0.50984	0.269791
1731	0.509582	0.269169
1732	0.509411	0.269771
1733	0.509619	0.269832
1734	0.509659	0.271061
1735	0.509824	0.270741
1736	0.50951	0.269382
1737	0.509546	0.269975
1738	0.509659	0.269277
1739	0.509879	0.271259
1740	0.509801	0.270069
1741	0.509691	0.269103
1742	0.509882	0.268791
1743	0.509943	0.270223
1744	0.510091	0.269879
1745	0.510105	0.269805
1746	0.509834	0.269424
1747	0.510102	0.269976
1748	0.510148	0.269688
1749	0.510252	0.269303
1750	0.510132	0.269513
1751	0.510105	0.268469
1752	0.509911	0.26915
1753	0.510194	0.267915
1754	0.510055	0.267606
1755	0.509984	0.270877
1756	0.509996	0.268432
1757	0.510041	0.268921
1758	0.509816	0.267759
1759	0.509693	0.269588
1760	0.509607	0.267167
1761	0.509693	0.269538
1762	0.509895	0.267856
1763	0.509975	0.26791
1764	0.51002	0.268452
1765	0.509997	0.267389
1766	0.509952	0.268521
1767	0.509877	0.270196
1768	0.509935	0.26909
1769	0.51012	0.267204
1770	0.50977	0.266422
1771	0.509784	0.267539
1772	0.509853	0.268689
1773	0.50964	0.269205
1774	0.509612	0.267877
1775	0.509771	0.269354
1776	0.509546	0.268385
1777	0.509387	0.267439
1778	0.509456	0.268096
1779	0.509661	0.267788
1780	0.509762	0.266809
1781	0.509707	0.269445
1782	0.509726	0.268563
1783	0.509799	0.268257
1784	0.509672	0.268489
1785	0.509866	0.268181
1786	0.509633	0.267379
1787	0.509554	0.265905
1788	0.509586	0.268396
1789	0.509674	0.267142
1790	0.509664	0.267258
1791	0.509861	0.269045
1792	0.509753	0.265405
1793	0.509352	0.266145
1794	0.509765	0.267372
1795	0.509706	0.267232
1796	0.509792	0.267945
1797	0.50975	0.265421
1798	0.509805	0.266305
1799	0.509757	0.265218
1800	0.509622	0.268979
1801	0.509584	0.267099
1802	0.509784	0.266438
1803	0.509952	0.267039
1804	0.510019	0.266433
1805	0.509656	0.266138
1806	0.509868	0.267084
1807	0.509877	0.267762
1808	0.509858	0.26527
1809	0.509808	0.263797
1810	0.509752	0.264802
1811	0.509882	0.265266
1812	0.509987	0.265882
1813	0.510037	0.266097
1814	0.509975	0.265695
1815	0.509988	0.265554
1816	0.510204	0.265478
1817	0.509974	0.266132
1818	0.509878	0.265779
1819	0.509669	0.264742
1820	0.509836	0.262602
1821	0.509829	0.265156
1822	0.509839	0.267187
1823	0.509874	0.267644
1824	0.509928	0.263885
1825	0.509715	0.26471
1826	0.509572	0.265524
1827	0.509571	0.266935
1828	0.50981	0.266783
1829	0.509848	0.264755
1830	0.509947	0.264783
1831	0.510067	0.265059
1832	0.509857	0.264931
1833	0.509961	0.264227
1834	0.509953	0.264722
1835	0.510127	0.263599
1836	0.510166	0.264492
1837	0.510024	0.265045
1838	0.509965	0.264891
1839	0.509965	0.266053
1840	0.509953	0.263963
1841	0.510088	0.265582
1842	0.509797	0.263503
1843	0.50984	0.262594
1844	0.509865	0.264025
1845	0.509639	0.264404
1846	0.509908	0.263021
1847	0.509968	0.262085
1848	0.509968	0.264681
1849	0.50977	0.261654
1850	0.50994	0.263751
1851	0.509726	0.263626
1852	0.509997	0.263494
1853	0.510117	0.26336
1854	0.50996	0.261908
1855	0.510166	0.26468
1856	0.510245	0.26395
1857	0.510225	0.26386
1858	0.510151	0.261732
1859	0.510352	0.26626
1860	0.510382	0.262739
1861	0.51003	0.262876
1862	0.509978	0.262084
1863	0.510091	0.263958
1864	0.510065	0.262104
1865	0.509927	0.262976
1866	0.510104	0.262041
1867	0.51003	0.26199
1868	0.510128	0.263939
1869	0.510094	0.261762
1870	0.510111	0.260915
1871	0.510136	0.261261
1872	0.510112	0.262643
1873	0.51018	0.263283
1874	0.510324	0.263576
1875	0.510272	0.261403
1876	0.510328	0.261131
1877	0.510296	0.262589
1878	0.510065	0.263172
1879	0.510273	0.261784
1880	0.510303	0.260342
1881	0.51023	0.261609
1882	0.510171	0.260543
1883	0.510034	0.26054
1884	0.510088	0.260323
1885	0.510182	0.260804
1886	0.510032	0.261404
1887	0.510055	0.262041
1888	0.509745	0.261914
1889	0.509998	0.261532
1890	0.510215	0.261721
1891	0.510121	0.261484
1892	0.510268	0.260195
1893	0.510291	0.259728
1894	0.51027	0.26178
1895	0.510366	0.261453
1896	0.510379	0.262344
1897	0.510256	0.261315
1898	0.510141	0.260839
1899	0.510127	0.262272
1900	0.510035	0.26173
1901	0.5101	0.259345
1902	0.510039	0.261551
1903	0.510324	0.261584
1904	0.510143	0.26007
1905	0.510237	0.259717
1906	0.510398	0.261538
1907	0.510523	0.26032
1908	0.510583	0.259445
1909	0.510666	0.260408
1910	0.510672	0.261063
1911	0.510608	0.259861
1912	0.510725	0.259631
1913	0.510665	0.261337
1914	0.51072	0.262477
1915	0.510552	0.260602
1916	0.5107	0.260143
1917	0.510545	0.260967
1918	0.510343	0.261136
1919	0.510459	0.260815
1920	0.510532	0.258722
1921	0.510534	0.259724
1922	0.510641	0.259332
1923	0.510649	0.258707
1924	0.511006	0.259586
1925	0.510575	0.260144
1926	0.510462	0.260743
1927	0.510267	0.261694
1928	0.510506	0.259235
1929	0.510607	0.258974
1930	0.510682	0.258627
1931	0.510588	0.260617
1932	0.510461	0.259754
1933	0.510254	0.259797
1934	0.510462	0.261094
1935	0.510606	0.25984
1936	0.510637	0.260648
1937	0.510684	0.258384
1938	0.510868	0.258303
1939	0.510728	0.258853
1940	0.510507	0.259497
1941	0.510652	0.258424
1942	0.510711	0.257984
1943	0.510713	0.2576
1944	0.510724	0.257891
1945	0.510721	0.258954
1946	0.510684	0.258431
1947	0.510706	0.257832
1948	0.510704	0.257899
1949	0.510753	0.258305
1950	0.510703	0.25853
1951	0.510484	0.258982
1952	0.510794	0.258081
1953	0.511026	0.257417
1954	0.511257	0.258735
1955	0.510882	0.258107
1956	0.510664	0.259527
1957	0.510607	0.25837
1958	0.510569	0.256715
1959	0.510632	0.257411
1960	0.510817	0.258581
1961	0.510918	0.258196
1962	0.51071	0.260049
1963	0.510622	0.257375
1964	0.510777	0.257903
1965	0.510512	0.258774
1966	0.510827	0.258004
1967	0.510621	0.258804
1968	0.510646	0.257976
1969	0.510837	0.258192
1970	0.510515	0.257444
1971	0.510446	0.255142
1972	0.510709	0.25879
1973	0.510892	0.256803
1974	0.510787	0.25773
1975	0.510777	0.258194
1976	0.510737	0.25746
1977	0.510756	0.258064
1978	0.510793	0.256348
1979	0.510769	0.257849
1980	0.510643	0.256898
1981	0.510657	0.257433
1982	0.510713	0.25621
1983	0.510835	0.255601
1984	0.510727	0.255679
1985	0.510604	0.256699
1986	0.510656	0.255636
1987	0.510957	0.255553
1988	0.510883	0.255851
1989	0.51152	0.25617
1990	0.511253	0.255977
1991	0.511116	0.256049
1992	0.511004	0.255818
1993	0.511381	0.254836
1994	0.511137	0.255581
1995	0.510958	0.256332
1996	0.511122	0.256635
1997	0.51084	0.255818
1998	0.510876	0.255675
1999	0.51085	0.255894
2000	0.510976	0.256366
2001	0.510785	0.256472
2002	0.510792	0.255012
2003	0.510879	0.256114
2004	0.511142	0.256261
2005	0.51098	0.255851
2006	0.511173	0.254473
2007	0.511311	0.25624
2008	0.511514	0.254207
2009	0.51158	0.255592
2010	0.511214	0.254071
2011	0.511387	0.256842
2012	0.511208	0.254151
2013	0.511154	0.254456
2014	0.511518	0.256197
2015	0.51137	0.254902
2016	0.511266	0.256064
2017	0.511099	0.25429
2018	0.511177	0.255972
2019	0.511382	0.25505
2020	0.511229	0.25434
2021	0.510951	0.253607
2022	0.511357	0.253985
2023	0.511083	0.256095
2024	0.511259	0.255085
2025	0.511245	0.254191
2026	0.511084	0.254329
2027	0.511053	0.254037
2028	0.511207	0.254888
2029	0.510958	0.254512
2030	0.511027	0.255362
2031	0.510858	0.252829
2032	0.511246	0.254412
2033	0.511223	0.253786
2034	0.511446	0.253522
2035	0.511493	0.25391
2036	0.511379	0.255063
2037	0.511589	0.253447
2038	0.511534	0.252894
2039	0.511437	0.255544
2040	0.511259	0.253775
2041	0.511302	0.251793
2042	0.511442	0.254864
2043	0.511259	0.251969
2044	0.511662	0.25288
2045	0.511458	0.25295
2046	0.511411	0.253162
2047	0.511502	0.252006
2048	0.511636	0.25394
2049	0.511507	0.254146
2050	0.511475	0.254949
2051	0.51147	0.253145
2052	0.5112	0.254847
2053	0.511346	0.253889
2054	0.511159	0.252745
2055	0.51152	0.25404
2056	0.511579	0.251426
2057	0.511448	0.254811
2058	0.51136	0.251216
2059	0.511702	0.252388
2060	0.511525	0.253515
2061	0.511631	0.253375
2062	0.511692	0.253325
2063	0.51177	0.253516
2064	0.511844	0.253547
2065	0.511885	0.251369
2066	0.511746	0.252304
2067	0.511405	0.252381
2068	0.511858	0.253325
2069	0.511254	0.251926
2070	0.511441	0.250689
2071	0.511656	0.252453
2072	0.511876	0.250539
2073	0.511954	0.251786
2074	0.511942	0.251921
2075	0.51185	0.253101
2076	0.511681	0.251939
2077	0.511457	0.251245
2078	0.511626	0.250489
2079	0.511811	0.252639
2080	0.511716	0.251466
2081	0.512024	0.24963
2082	0.511914	0.252797
2083	0.512129	0.251538
2084	0.512365	0.251602
2085	0.512375	0.251555
2086	0.512302	0.251938
2087	0.512254	0.252935
2088	0.512034	0.251908
2089	0.511774	0.250918
2090	0.511754	0.250745
2091	0.511936	0.250618
2092	0.511846	0.251323
2093	0.512011	0.249694
2094	0.51198	0.251609
2095	0.511809	0.25042
2096	0.51172	0.250317
2097	0.511954	0.24929
2098	0.511844	0.250295
2099	0.511936	0.249887
2100	0.512033	0.250451
2101	0.511835	0.250258
2102	0.511852	0.251861
2103	0.511809	0.251388
2104	0.512089	0.248349
2105	0.511989	0.247963
2106	0.512434	0.24957
2107	0.512144	0.250693
2108	0.512439	0.249029
2109	0.512358	0.251308
2110	0.512072	0.251198
2111	0.512288	0.250901
2112	0.511954	0.249243
2113	0.512175	0.250729
2114	0.511729	0.25091
2115	0.511952	0.250027
2116	0.512059	0.247805
2117	0.511935	0.249986
2118	0.512061	0.249005
2119	0.512155	0.250341
2120	0.512019	0.250386
2121	0.511976	0.250704
2122	0.512251	0.252556
2123	0.512525	0.249482
2124	0.511963	0.248615
2125	0.512228	0.24837
2126	0.512285	0.249037
2127	0.512096	0.248958
2128	0.512086	0.248983
2129	0.512264	0.249263
2130	0.512052	0.248656
2131	0.512198	0.249472
2132	0.512361	0.248466
2133	0.512097	0.249427
2134	0.512521	0.249246
2135	0.512053	0.247776
2136	0.512147	0.248845
2137	0.512269	0.248753
2138	0.512316	0.248587
2139	0.512443	0.248658
2140	0.51226	0.249362
2141	0.512355	0.248537
2142	0.512325	0.247308
2143	0.512155	0.247964
2144	0.512455	0.247211
2145	0.51236	0.248504
2146	0.512177	0.250231
2147	0.512101	0.247874
2148	0.512206	0.24804
2149	0.512045	0.249764
2150	0.512234	0.250298
2151	0.512346	0.249198
2152	0.512264	0.248718
2153	0.512353	0.247396
2154	0.512637	0.247547
2155	0.512694	0.247741
2156	0.512506	0.249452
2157	0.512636	0.248263
2158	0.51266	0.247564
2159	0.512765	0.247825
2160	0.512655	0.249733
2161	0.512577	0.248293
2162	0.512789	0.249271
2163	0.51266	0.24809
2164	0.512548	0.247259
2165	0.512786	0.248585
2166	0.512445	0.246418
2167	0.512645	0.247044
2168	0.512435	0.247864
2169	0.512558	0.247083
2170	0.512792	0.248099
2171	0.512577	0.24745
2172	0.51299	0.247104
2173	0.51308	0.247184
2174	0.513075	0.245569
2175	0.512995	0.246993
2176	0.513021	0.247648
1	5.9753	3.79008
2	2.05004	1.71436
3	1.62011	1.07374
4	1.48472	0.926561
5	1.372	0.876295
6	1.34021	0.838531
7	1.27987	0.821184
8	1.26434	0.800697
9	1.21083	0.791571
10	0.582812	0.649195
11	0.567188	0.557344
12	0.554595	0.536
13	0.548818	0.516118
14	0.542442	0.4979
15	0.535679	0.488664
16	0.538942	0.475337
17	0.521851	0.465015
18	0.531655	0.447975
19	0.520806	0.43416
20	0.523022	0.426225
21	0.528372	0.416858
22	0.520704	0.408927
23	0.516411	0.401065
24	0.523566	0.391805
25	0.527309	0.380742
26	0.522582	0.374398
27	0.512484	0.36676
28	0.558865	0.358307
29	0.514674	0.352805
30	0.537593	0.348844
31	0.519358	0.336878
32	0.528102	0.335206
33	0.511202	0.326644
34	0.519197	0.325011
35	0.513557	0.315921
36	0.511242	0.30719
37	0.531255	0.313166
38	0.511706	0.304593
39	0.545676	0.294433
40	0.519147	0.292467
41	0.522405	0.282736
42	0.517387	0.286926
43	0.527325	0.277254
44	0.540705	0.273282
45	0.533894	0.269863
46	0.531316	0.268974
47	0.534655	0.265931
48	0.556476	0.259973
49	0.579581	0.255206
50	0.528497	0.251878
51	0.531918	0.244637
52	0.556033	0.249919
53	0.533064	0.242677
54	0.548066	0.236608
55	0.531818	0.23678
56	0.586664	0.234117
57	0.558694	0.23101
58	0.545865	0.222135
59	0.545105	0.22477
60	0.554437	0.22117
61	0.55319	0.219013
62	0.571787	0.217859
63	0.556042	0.212297
64	0.556516	0.209046
65	0.560471	0.209879
66	0.568171	0.206049
67	0.571394	0.202148
68	0.560921	0.20137
69	0.572615	0.200517
70	0.57564	0.196617
71	0.591445	0.195419
72	0.597781	0.191625
73	0.592976	0.19219
74	0.578571	0.188356
75	0.587649	0.186521
76	0.588055	0.186912
77	0.577317	0.183526
78	0.599221	0.183223
79	0.610768	0.180129
80	0.610045	0.174855
81	0.600887	0.175752
82	0.621151	0.172223
83	0.607413	0.17056
84	0.607898	0.170158
85	0.627719	0.165797
86	0.616822	0.167014
87	0.62996	0.168163
88	0.633553	0.165657
89	0.620048	0.164141
90	0.617691	0.162344
91	0.61756	0.16019
92	0.656023	0.159672
93	0.661621	0.159211
94	0.645793	0.156461
95	0.649341	0.158697
96	0.623107	0.150715
97	0.631952	0.150195
98	0.652332	0.147868
99	0.628384	0.150865
100	0.635664	0.150881
101	0.639557	0.147541
102	0.645546	0.144697
103	0.65464	0.144608
104	0.675075	0.14195
105	0.646068	0.144675
106	0.648369	0.143462
107	0.646472	0.146445
108	0.656458	0.139635
109	0.656847	0.142463
110	0.664809	0.13919
111	0.673652	0.136253
112	0.669454	0.13416
113	0.662798	0.137368
114	0.674244	0.135013
115	0.677555	0.132656
116	0.692813	0.136083
117	0.674993	0.13455
118	0.665556	0.129746
119	0.685324	0.132879
120	0.69133	0.130424
121	0.673419	0.134178
122	0.758042	0.128938
123	0.707766	0.132667
124	0.685237	0.126891
125	0.696646	0.129492
126	0.712062	0.127645
127	0.68626	0.124732
128	0.729102	0.125472
129	0.71014	0.126785
130	0.706486	0.127495
131	0.726958	0.123418
132	0.714911	0.121909
133	0.715264	0.126244
134	0.704455	0.122524
135	0.731312	0.120622
136	0.71574	0.12125
137	0.753141	0.122958
138	0.735466	0.120789
139	0.765958	0.122776
140	0.739442	0.117002
141	0.718747	0.117975
142	0.747379	0.116276
143	0.745321	0.118833
144	0.776185	0.120934
145	0.754441	0.117718
146	0.742249	0.116864
147	0.774599	0.114435
148	0.740899	0.114257
149	0.762124	0.11607
150	0.752922	0.116019
151	0.778973	0.113592
152	0.749722	0.115143
153	0.739757	0.113087
154	0.766023	0.114002
155	0.754764	0.112467
156	0.75897	0.111325
157	0.763419	0.111793
158	0.799802	0.112164
159	0.798091	0.10833
160	0.76027	0.110164
161	0.792225	0.109758
162	0.808615	0.108141
163	0.786545	0.109808
164	0.787585	0.108673
165	0.779461	0.108475
166	0.797254	0.107167
167	0.792458	0.10462
168	0.797006	0.105825
169	0.807266	0.105991
170	0.807352	0.10436
171	0.785294	0.104289
172	0.819839	0.103732
173	0.806359	0.104103
174	0.803529	0.102556
175	0.809827	0.1041
176	0.836315	0.105614
177	0.808289	0.1045
178	0.80793	0.100146
179	0.800222	0.105572
180	0.823452	0.103982
181	0.814219	0.10037
182	0.819072	0.100406
183	0.859783	0.100602
184	0.844693	0.101211
185	0.819189	0.0999224
186	0.810612	0.0993684
187	0.803139	0.0991175
188	0.853336	0.100587
189	0.82557	0.098478
190	0.852378	0.0962166
191	0.836286	0.100563
192	0.829147	0.100906
193	0.848575	0.0983319
194	0.832059	0.099876
195	0.845808	0.0963788
196	0.852626	0.0974595
197	0.880764	0.0984469
198	0.869354	0.0992014
199	0.855182	0.0953939
200	0.867939	0.0951124
201	0.849899	0.0943343
202	0.879366	0.097153
203	0.84878	0.0963039
204	0.861297	0.0926323
205	0.859864	0.0941942
206	0.851031	0.0945432
207	0.884438	0.0935218
208	0.882163	0.0927941
209	0.901664	0.0951865
210	0.885429	0.0936059
211	0.899771	0.0914528
212	0.871267	0.0910671
213	0.869333	0.0915046
214	0.877135	0.0924018
215	0.882091	0.0901554
216	0.898044	0.0903223
217	0.885831	0.0912619
218	0.903815	0.0884941
219	0.882579	0.0911703
220	0.905301	0.0919269
221	0.868261	0.0907867
222	0.900563	0.0914055
223	0.932931	0.089149
224	0.911965	0.0903441
225	0.90387	0.0904135
226	0.886791	0.0895919
227	0.917234	0.0880993
228	0.91872	0.0886963
229	0.891638	0.0888808
230	0.891387	0.0886696
231	0.901453	0.0867956
232	0.900975	0.0889925
233	0.902512	0.0880458
234	0.917021	0.0876394
235	0.94792	0.0875028
236	0.916608	0.0868885
237	0.938156	0.0879895
238	0.924011	0.0858907
239	0.92562	0.0852151
240	0.943714	0.0865407
241	0.909396	0.0855331
242	0.935193	0.0855616
243	0.953897	0.0856558
244	0.968228	0.0848117
245	0.926318	0.0839021
246	0.939424	0.0844429
247	0.927488	0.084623
248	0.930635	0.0835334
249	0.937643	0.082164
250	0.964555	0.0836838
251	0.930958	0.0847095
252	0.958975	0.0828125
253	0.957676	0.0834435
254	0.937123	0.0832817
255	0.939368	0.0819178
256	0.932556	0.0833046
257	0.951319	0.0826505
258	0.947554	0.0830126
259	0.965745	0.0833863
260	0.957475	0.0818808
261	0.997022	0.0837707
262	0.948902	0.0816092
263	0.97154	0.0815638
264	0.955791	0.0830415
265	0.966461	0.0808216
266	0.970844	0.0810432
267	0.972737	0.0814178
268	0.954884	0.0807872
269	0.985716	0.0807696
270	0.99174	0.0800914
271	1.00113	0.0818801
272	0.974062	0.0807779
273	0.951351	0.0812407
274	0.986709	0.077381
275	1.00284	0.0789712
276	0.989379	0.0799226
277	0.958922	0.079876
278	0.968766	0.0770957
279	0.981036	0.0775918
280	0.983249	0.0788845
281	0.97336	0.0770537
282	0.987548	0.0794801
283	0.987234	0.0784999
284	0.987238	0.0778641
285	0.990364	0.0764691
286	0.995293	0.0747889
287	0.975882	0.0778001
288	0.986084	0.0753692
289	0.978939	0.0768893
290	0.994984	0.0763486
291	1.01032	0.0763662
292	1.01734	0.0767124
293	1.00007	0.0760091
294	1.01041	0.0776189
295	1.04177	0.0758338
296	1.00123	0.0755788
297	0.998874	0.0766774
298	1.00764	0.0755169
299	1.00465	0.0734012
300	1.01908	0.0753164
301	1.0163	0.0735055
302	1.0134	0.0747687
303	1.01437	0.075622
304	1.00573	0.0745405
305	1.02384	0.072034
306	1.02194	0.0725427
307	1.03135	0.0767273
308	1.02479	0.0729375
309	1.03084	0.0740712
310	1.01455	0.074279
311	1.01501	0.0725201
312	1.02893	0.0752789
313	1.00249	0.0723232
314	1.01611	0.0716382
315	1.04176	0.0728479
316	1.03618	0.0741033
317	1.04274	0.0732421
318	1.04577	0.0708709
319	1.03307	0.0724976
320	1.03385	0.0725577
321	1.03225	0.071392
322	1.04716	0.0722649
323	1.04534	0.0725849
324	1.0336	0.0710588
325	1.03959	0.0706518
1	3.77177	2.27684
2	1.96182	1.26733
3	1.63373	1.03948
4	1.3803	0.946901
5	1.25128	0.884751
6	1.18101	0.841895
7	1.14306	0.811296
8	1.09411	0.796134
9	1.07194	0.776004
10	0.596226	0.663404
11	0.581037	0.579531
12	0.568792	0.556649
13	0.560583	0.539886
14	0.552654	0.522372
15	0.54775	0.507542
16	0.54091	0.496579
17	0.538989	0.485604
18	0.531992	0.471342
19	0.532927	0.462695
20	0.525626	0.452513
21	0.529317	0.444058
22	0.521738	0.434956
23	0.520093	0.426431
24	0.518181	0.416471
25	0.521202	0.407677
26	0.518053	0.403238
27	0.51136	0.394373
28	0.512736	0.386548
29	0.512425	0.380893
30	0.50769	0.374674
31	0.507176	0.364732
32	0.510281	0.361112
33	0.50717	0.355952
34	0.508418	0.348397
35	0.508438	0.343009
36	0.508015	0.335454
37	0.514409	0.335133
38	0.506314	0.327372
39	0.511934	0.323396
40	0.507215	0.320353
41	0.504199	0.313195
42	0.510248	0.310747
43	0.514382	0.306253
44	0.513354	0.301832
45	0.508527	0.296732
46	0.508479	0.293756
47	0.508288	0.288557
48	0.503253	0.285502
49	0.505693	0.281396
50	0.503755	0.279411
51	0.510275	0.273834
52	0.509249	0.270309
53	0.509736	0.267495
54	0.50885	0.266746
55	0.516751	0.261072
56	0.51877	0.258725
57	0.510683	0.254622
58	0.523885	0.251201
59	0.515268	0.248899
60	0.526754	0.246947
61	0.515794	0.244664
62	0.515755	0.242471
63	0.522571	0.238103
64	0.530438	0.237609
65	0.521803	0.235315
66	0.521884	0.230831
67	0.52739	0.228568
68	0.542626	0.225117
69	0.523589	0.22551
70	0.52459	0.223676
71	0.536127	0.220294
72	0.52569	0.218323
73	0.532884	0.216744
74	0.528037	0.214965
75	0.530151	0.212668
76	0.533944	0.210133
77	0.540214	0.207905
78	0.533377	0.205448
79	0.532187	0.204872
80	0.535863	0.204765
81	0.539881	0.200706
82	0.551503	0.196887
83	0.535879	0.197912
84	0.551703	0.196058
85	0.554787	0.194763
86	0.543275	0.191837
87	0.566108	0.191859
88	0.543339	0.191539
89	0.552671	0.188977
90	0.551453	0.184886
91	0.552412	0.185396
92	0.551585	0.184903
93	0.549988	0.182994
94	0.550937	0.181228
95	0.570965	0.181032
96	0.581662	0.179742
97	0.578389	0.17677
1	2.04146	1.78937
2	1.90002	1.55956
3	1.77648	1.31092
4	1.58306	1.1553
5	1.41216	1.0361
6	1.33276	0.965357
7	1.24611	0.926668
8	1.18492	0.899696
9	1.14561	0.878547
10	0.686731	0.784189
11	0.650394	0.67381
12	0.626896	0.638942
13	0.611232	0.617662
14	0.594288	0.596217
15	0.5899	0.581424
16	0.581212	0.565288
17	0.572686	0.551218
18	0.567297	0.540291
19	0.566356	0.5275
20	0.56091	0.52037
21	0.556531	0.509382
22	0.548681	0.499766
23	0.546186	0.493724
24	0.545967	0.483706
25	0.543657	0.47444
26	0.544165	0.469943
27	0.537667	0.459991
28	0.540718	0.454387
29	0.534443	0.447904
30	0.529492	0.440717
31	0.528522	0.436427
32	0.531057	0.427448
33	0.524316	0.422846
34	0.525753	0.417851
35	0.519141	0.410418
36	0.51986	0.40502
37	0.522947	0.400935
38	0.515686	0.394301
39	0.515942	0.389739
40	0.515517	0.386746
41	0.513009	0.381686
42	0.51154	0.37679
43	0.50932	0.373424
44	0.50997	0.368304
45	0.506386	0.365635
46	0.508837	0.358606
47	0.505187	0.35515
48	0.503582	0.351715
49	0.50538	0.34916
50	0.501104	0.342336
51	0.505022	0.341159
52	0.500681	0.336375
53	0.498346	0.332268
54	0.500433	0.330148
55	0.498082	0.326171
56	0.496602	0.321146
57	0.497744	0.320282
58	0.495945	0.316448
59	0.496676	0.314347
60	0.496018	0.31023
61	0.493388	0.306339
62	0.492072	0.306843
63	0.492553	0.301831
64	0.492209	0.30162
65	0.490496	0.297189
66	0.491522	0.295876
67	0.490638	0.29136
68	0.49197	0.288725
69	0.49433	0.288367
70	0.489681	0.285255
71	0.493547	0.282955
72	0.489389	0.282605
73	0.488738	0.281749
74	0.490559	0.277222
75	0.491778	0.273983
76	0.489405	0.271876
77	0.48952	0.273084
78	0.492411	0.267708
79	0.491414	0.266991
80	0.49184	0.264763
81	0.487528	0.264713
82	0.489316	0.262436
83	0.490351	0.260465
84	0.488386	0.260286
85	0.489537	0.256728
86	0.490132	0.256876
87	0.490497	0.254296
88	0.489719	0.252999
89	0.489526	0.251241
90	0.48876	0.248995
91	0.489948	0.248274
92	0.490223	0.245919
93	0.491475	0.245525
94	0.491336	0.242692
95	0.48778	0.242721
96	0.489428	0.240917
97	0.492233	0.238632
98	0.490655	0.239784
99	0.489214	0.234393
100	0.493111	0.235607
101	0.491747	0.235509
102	0.49379	0.231616
103	0.493006	0.233314
104	0.494277	0.232121
105	0.494711	0.229526
106	0.494733	0.226922
107	0.492623	0.226611
108	0.492569	0.224484
109	0.49341	0.223957
110	0.493433	0.223356
111	0.494521	0.222197
112	0.492832	0.221771
113	0.492603	0.219735
114	0.497237	0.217995
115	0.49629	0.218783
116	0.499974	0.217339
117	0.499391	0.218364
118	0.496703	0.216101
119	0.497977	0.214532
120	0.497362	0.213337
121	0.498841	0.210277
1	2.04863	1.82335
2	1.8699	1.58714
3	1.72384	1.31532
4	1.53242	1.14879
5	1.37935	1.03797
6	1.28262	0.96628
7	1.21395	0.926609
8	1.15779	0.900289
9	1.11663	0.879143
10	0.685313	0.756674
11	0.649256	0.631838
12	0.626825	0.585967
13	0.609984	0.551085
14	0.597625	0.522901
15	0.589111	0.496198
16	0.577293	0.474688
17	0.572817	0.458131
18	0.567953	0.441021
19	0.565095	0.427601
20	0.558876	0.418086
21	0.553801	0.410353
22	0.549158	0.402027
23	0.550331	0.397108
24	0.546501	0.393189
25	0.540684	0.387164
26	0.538043	0.383376
27	0.538511	0.379115
28	0.53453	0.376022
29	0.534921	0.370844
30	0.53058	0.367877
31	0.527898	0.361716
32	0.527577	0.360245
33	0.523667	0.356128
34	0.522705	0.354161
35	0.519414	0.35004
36	0.520816	0.346677
37	0.519124	0.343701
38	0.514881	0.340863
39	0.516016	0.340065
40	0.513598	0.337552
41	0.511331	0.336067
42	0.508806	0.329829
43	0.507402	0.325254
44	0.507853	0.32346
45	0.507436	0.321866
46	0.504656	0.319116
47	0.504353	0.315547
48	0.505067	0.316759
49	0.503046	0.31193
50	0.501323	0.310757
51	0.501505	0.308022
52	0.500309	0.305519
53	0.500791	0.303043
54	0.499054	0.300645
55	0.498367	0.299684
56	0.497839	0.297314
57	0.496888	0.296252
58	0.496327	0.294116
59	0.496009	0.293124
60	0.496055	0.291176
61	0.494016	0.286576
62	0.493643	0.285444
63	0.496276	0.282284
64	0.493902	0.28098
65	0.492707	0.278791
66	0.490501	0.27665
67	0.49225	0.274651
68	0.492438	0.273638
69	0.492654	0.273717
70	0.490806	0.270391
71	0.491913	0.269483
72	0.488505	0.266581
73	0.489786	0.266132
74	0.489464	0.263502
75	0.488776	0.262772
76	0.491696	0.262706
77	0.488059	0.259936
78	0.488501	0.258157
79	0.488172	0.25709
80	0.489378	0.253576
81	0.490727	0.252781
82	0.488674	0.251649
83	0.488425	0.251376
84	0.489735	0.249072
85	0.489087	0.247784
86	0.489429	0.246009
87	0.492404	0.246017
88	0.490173	0.244069
89	0.49209	0.241221
90	0.494859	0.238616
91	0.49046	0.238757
92	0.489531	0.236828
93	0.491056	0.236847
94	0.49189	0.234136
95	0.489966	0.234387
96	0.489074	0.234604
97	0.491492	0.231347
98	0.493338	0.231228
99	0.492174	0.230984
100	0.489471	0.229179
101	0.490715	0.228355
102	0.490489	0.22515
103	0.489963	0.226034
104	0.492715	0.222903
105	0.492995	0.222383
106	0.493223	0.221826
107	0.494764	0.220894
108	0.490046	0.220571
109	0.493256	0.219183
110	0.499704	0.215496
111	0.493923	0.217631
112	0.493147	0.216095
113	0.495396	0.213867
114	0.496656	0.212538
115	0.498708	0.21288
116	0.495942	0.210781
117	0.497422	0.21153
118	0.494727	0.209653
119	0.497265	0.211116
120	0.496715	0.209513
121	0.497352	0.207004
122	0.495885	0.207295
123	0.497738	0.206145
124	0.497492	0.204749
1	2.03636	1.81309
2	1.88803	1.55308
3	1.73531	1.29248
4	1.55906	1.13382
5	1.40857	1.0246
6	1.31734	0.95662
7	1.26708	0.919636
8	1.19776	0.896432
9	1.1576	0.874505
1	2.02997	1.80458
2	1.83794	1.55983
3	1.7464	1.28662
4	1.54147	1.13461
5	1.3931	1.02622
6	1.30923	0.961736
7	1.23809	0.922669
8	1.19327	0.897187
9	1.14901	0.878409
10	1.12046	0.863257
11	1.0798	0.850154
12	1.06038	0.834661
13	1.02932	0.826251
14	1.0069	0.816865
15	0.971118	0.809067
16	0.955668	0.796893
17	0.937325	0.793081
18	0.920174	0.784753
19	0.90455	0.779574
20	0.634011	0.670869
21	0.608135	0.577027
22	0.594426	0.537445
23	0.583126	0.509332
24	0.571732	0.484393
25	0.566137	0.464126
26	0.56171	0.445959
27	0.558655	0.427727
28	0.553852	0.41429
29	0.549813	0.401583
30	0.545893	0.387531
31	0.542969	0.379482
32	0.539609	0.369299
33	0.534649	0.361542
34	0.534051	0.352489
35	0.529286	0.345536
36	0.529238	0.337119
37	0.527641	0.329355
38	0.525668	0.324673
39	0.525183	0.319175
40	0.523153	0.315853
41	0.521485	0.30944
42	0.521833	0.306991
43	0.517824	0.303223
44	0.518885	0.29991
45	0.517918	0.29723
46	0.516254	0.292653
47	0.513347	0.290763
48	0.512442	0.288697
49	0.512272	0.285861
50	0.517287	0.284595
51	0.512075	0.280459
52	0.510757	0.280646
53	0.509491	0.279214
54	0.51106	0.277138
55	0.507636	0.272882
56	0.507898	0.27187
57	0.506772	0.270951
58	0.507397	0.268325
59	0.508394	0.266864
60	0.506951	0.26579
61	0.503627	0.263062
62	0.504827	0.264492
63	0.506426	0.262233
64	0.505817	0.259661
65	0.505846	0.258674
66	0.503914	0.256362
67	0.504807	0.253615
68	0.503532	0.253552
69	0.504587	0.251737
70	0.505666	0.251155
71	0.505855	0.249639
72	0.507562	0.248888
73	0.505694	0.247799
74	0.505237	0.24533
75	0.510899	0.243431
76	0.50291	0.242728
77	0.502744	0.243715
78	0.505728	0.241124
79	0.504039	0.241128
80	0.504783	0.240377
81	0.510099	0.23851
82	0.50737	0.237298
83	0.504313	0.235231
84	0.504792	0.233836
85	0.517988	0.234647
86	0.505883	0.233773
87	0.505346	0.231718
88	0.50742	0.229452
89	0.507055	0.228344
90	0.505225	0.227262
91	0.517434	0.227519
92	0.505315	0.227122
93	0.509944	0.22824
94	0.512421	0.224877
95	0.516012	0.223301
96	0.512903	0.224385
97	0.511107	0.223477
98	0.508181	0.222811
99	0.510188	0.218968
100	0.512112	0.218546
101	0.518919	0.219219
102	0.507702	0.217605
103	0.519934	0.216228
104	0.517439	0.216617
1	3.68867	2.23697
2	2.03034	1.23849
3	1.68642	1.04047
4	1.39688	0.952557
5	1.28832	0.880151
6	1.21322	0.841241
7	1.15855	0.817685
8	1.11394	0.79919
9	1.08154	0.777326
10	1.04951	0.766763
11	1.03599	0.753536
12	1.0069	0.742799
13	0.990556	0.73582
14	0.975369	0.725755
15	0.958802	0.719217
16	0.950466	0.712894
17	0.943046	0.708165
18	0.923122	0.702684
19	0.909398	0.697511
20	0.566473	0.578109
21	0.554612	0.501013
22	0.548275	0.473846
23	0.543033	0.448289
24	0.537264	0.429076
25	0.533202	0.409896
26	0.532176	0.392981
27	0.52696	0.37776
28	0.525387	0.361503
29	0.521709	0.349546
30	0.522322	0.340056
31	0.519126	0.328886
32	0.519273	0.319679
33	0.518772	0.309928
34	0.518067	0.30254
35	0.517512	0.295914
36	0.514808	0.288401
37	0.516783	0.282214
38	0.517972	0.275538
39	0.521456	0.271692
40	0.517244	0.26606
41	0.518231	0.263055
42	0.518277	0.256937
43	0.515434	0.253709
44	0.520923	0.249253
45	0.52255	0.247131
46	0.529785	0.245758
47	0.530583	0.241746
48	0.531381	0.239213
49	0.52517	0.238066
50	0.53167	0.235313
51	0.534449	0.231808
52	0.534594	0.230846
53	0.541005	0.230159
54	0.538829	0.228436
1	3.54094	2.2931
2	1.94804	1.27466
3	1.62949	1.04923
4	1.36985	0.95153
5	1.26952	0.884026
6	1.20208	0.847576
7	1.15119	0.81973
8	1.10813	0.79804
9	1.08541	0.778272
10	1.05163	0.764433
11	1.02709	0.75213
12	1.01163	0.741057
13	0.989789	0.735721
14	0.980513	0.725146
15	0.9602	0.716798
16	0.944194	0.713477
17	0.930079	0.705261
18	0.914222	0.702712
19	0.906964	0.698043
20	0.890497	0.69617
21	0.870151	0.690627
22	0.866369	0.683175
23	0.860995	0.67962
24	0.853832	0.67644
25	0.841198	0.676184
26	0.834554	0.669659
27	0.827199	0.666184
28	0.822315	0.66375
29	0.818761	0.659432
30	0.803839	0.660818
31	0.795418	0.653605
32	0.791718	0.650352
33	0.788017	0.649103
34	0.79166	0.642772
35	0.779707	0.645194
36	0.778191	0.640321
37	0.76888	0.636645
38	0.766123	0.634965
39	0.763195	0.632587
40	0.756745	0.632029
41	0.756556	0.627904
42	0.748592	0.625648
43	0.7448	0.625673
44	0.740705	0.620763
45	0.741382	0.619004
46	0.750412	0.614568
47	0.743774	0.615216
48	0.737221	0.61339
49	0.739283	0.613171
50	0.730321	0.610531
51	0.735032	0.602808
52	0.738117	0.603485
53	0.72494	0.607476
54	0.715063	0.603135
55	0.720557	0.596946
56	0.727311	0.594927
57	0.726091	0.595606
58	0.713311	0.598564
59	0.709445	0.594802
60	0.708568	0.590681
61	0.716405	0.588628
62	0.712325	0.586271
63	0.706732	0.585521
64	0.701404	0.586616
65	0.699983	0.581971
66	0.718805	0.577319
67	0.720801	0.579278
68	0.706464	0.57961
69	0.691709	0.580328
70	0.690523	0.577691
71	0.692702	0.573679
72	0.707452	0.567103
73	0.709281	0.568494
74	0.691789	0.573115
75	0.685379	0.570028
76	0.687177	0.562104
77	0.699362	0.560966
78	0.703544	0.562784
79	0.691014	0.565355
80	0.682043	0.562847
81	0.691038	0.559773
82	0.68982	0.55698
83	0.692127	0.560406
84	0.683982	0.555612
85	0.688271	0.551109
86	0.683937	0.556622
87	0.684526	0.551997
88	0.676074	0.550093
89	0.690575	0.547436
90	0.693818	0.544749
91	0.675191	0.550177
92	0.672582	0.544621
93	0.676412	0.541286
94	0.685317	0.540856
95	0.688058	0.542403
96	0.674267	0.545022
97	0.674646	0.538814
98	0.678027	0.537924
99	0.692254	0.536128
100	0.520779	0.453539
101	0.518094	0.398986
102	0.515228	0.378071
103	0.514684	0.358793
104	0.513296	0.342141
105	0.513872	0.326993
106	0.515725	0.315656
107	0.513155	0.303234
108	0.513762	0.293155
109	0.513421	0.284424
110	0.516154	0.273547
111	0.515522	0.265867
112	0.51631	0.258822
113	0.519276	0.25324
114	0.519039	0.246938
115	0.519151	0.240965
116	0.524745	0.236647
117	0.526138	0.233099
118	0.524891	0.226278
119	0.532722	0.224399
120	0.531521	0.219585
121	0.527883	0.216094
122	0.536512	0.214026
123	0.541273	0.209686
124	0.542712	0.209127
125	0.539503	0.206359
126	0.546189	0.20273
127	0.543128	0.201044
128	0.549895	0.199256
129	0.550103	0.199721
130	0.552204	0.197509
131	0.56003	0.195239
1	11.1115	3.03304
2	3.61668	1.64781
3	2.43939	1.14811
4	2.063	1.06108
5	2.0514	0.983962
6	1.60007	0.971475
7	1.68926	0.915169
8	1.51861	0.911977
9	1.4556	0.88284
10	1.35859	0.880836
11	1.26621	0.849903
12	1.28637	0.856628
13	1.19566	0.831122
14	1.2527	0.838189
15	1.17927	0.807777
16	1.27891	0.802812
17	1.23154	0.791234
18	1.30694	0.78636
19	1.24486	0.793542
20	0.586662	0.667908
21	0.567385	0.567861
22	0.560461	0.546081
23	0.553489	0.531475
24	0.549449	0.512114
25	0.543877	0.50097
26	0.54166	0.486934
27	0.536368	0.477455
28	0.534675	0.466092
29	0.53698	0.458832
30	0.533374	0.447447
31	0.53261	0.437295
32	0.523193	0.430336
33	0.530409	0.422869
34	0.523452	0.414249
35	0.528063	0.407089
36	0.526988	0.398873
37	0.528651	0.39252
38	0.525244	0.384197
39	0.528272	0.37811
40	0.523436	0.370055
41	0.520565	0.365235
42	0.52043	0.361634
43	0.529836	0.355393
44	0.521947	0.348307
45	0.523527	0.347042
46	0.526595	0.33843
47	0.53023	0.33305
48	0.53477	0.328336
49	0.525492	0.323064
50	0.528322	0.317155
51	0.530812	0.315365
52	0.537789	0.310996
53	0.534273	0.304794
54	0.534018	0.300878
55	0.532987	0.298071
56	0.539053	0.295186
57	0.547908	0.289617
58	0.541945	0.287756
59	0.551957	0.285208
60	0.54488	0.278333
61	0.540486	0.276299
62	0.548908	0.273434
63	0.545789	0.267442
64	0.552743	0.266309
65	0.542996	0.261009
66	0.553073	0.260004
67	0.55515	0.257629
68	0.54361	0.253403
69	0.570019	0.25109
70	0.562589	0.247319
71	0.562187	0.245538
72	0.560389	0.24297
73	0.572147	0.24209
74	0.568852	0.24111
75	0.564504	0.234221
76	0.570618	0.235816
1	12.5268	2.93692
2	4.05684	1.79751
3	2.38397	1.20595
4	1.87071	1.1008
5	1.86598	0.971454
6	1.63422	0.961389
7	1.67363	0.92256
8	1.51957	0.914981
9	1.48941	0.883186
10	1.43046	0.90499
11	1.33549	0.852328
12	1.35771	0.869253
13	1.30978	0.832874
14	1.33107	0.84213
15	1.27434	0.822835
16	1.30085	0.815359
17	1.26372	0.796635
18	1.2636	0.796672
19	1.23171	0.780494
20	0.585467	0.662278
21	0.568311	0.566361
22	0.558418	0.546698
23	0.550189	0.527573
24	0.55023	0.510062
25	0.544059	0.498491
26	0.53809	0.486148
27	0.534629	0.477879
28	0.533266	0.466221
29	0.531422	0.455724
30	0.532501	0.44639
31	0.534598	0.436056
32	0.531746	0.428083
33	0.537757	0.421414
34	0.525617	0.414093
35	0.52285	0.403406
36	0.521871	0.397053
37	0.523625	0.389914
38	0.545849	0.385025
39	0.53475	0.377345
40	0.52174	0.371615
41	0.531732	0.366866
42	0.529626	0.35935
43	0.533838	0.355104
44	0.522698	0.347914
45	0.528983	0.342691
46	0.526877	0.3387
47	0.544275	0.333643
48	0.530906	0.328035
49	0.52854	0.322054
50	0.549087	0.3189
51	0.5358	0.313879
52	0.540603	0.310731
53	0.538787	0.306989
54	0.533141	0.303153
55	0.5469	0.299012
56	0.541792	0.291957
57	0.555431	0.291106
58	0.538336	0.287067
59	0.544978	0.281646
60	0.546317	0.280807
61	0.548457	0.273037
62	0.556731	0.271842
63	0.556311	0.268874
64	0.563815	0.265953
65	0.562325	0.263375
66	0.555046	0.259355
67	0.557065	0.259191
68	0.560546	0.252574
69	0.568018	0.253095
70	0.569513	0.249436
71	0.560807	0.245081
72	0.569637	0.243188
73	0.565298	0.240442
74	0.584425	0.239853
75	0.559532	0.238827
76	0.578429	0.236901
77	0.575238	0.235796
78	0.602866	0.23033
79	0.578192	0.227452
80	0.579103	0.225916
81	0.590853	0.223415
82	0.586902	0.221801
83	0.591972	0.220521
84	0.585236	0.220073
85	0.590898	0.215069
86	0.594863	0.212213
87	0.609539	0.213548
88	0.601204	0.211832
89	0.593118	0.209514
90	0.602042	0.207076
91	0.607398	0.206388
92	0.591645	0.204614
93	0.600911	0.201589
94	0.605594	0.201368
95	0.645175	0.197659
96	0.614807	0.200524
97	0.611519	0.196597
98	0.618328	0.197026
99	0.611694	0.195608
100	0.616643	0.194195
101	0.61482	0.193375
1	2.04699	1.81545
2	1.94324	1.55208
3	1.75608	1.28596
4	1.54185	1.12031
5	1.37266	1.01267
6	1.29567	0.952085
7	1.22696	0.916241
8	1.17245	0.893648
9	1.12105	0.878633
10	1.08413	0.860112
11	1.05392	0.842004
12	1.0353	0.833755
13	1.0176	0.820239
14	0.997443	0.813615
15	0.982383	0.804982
16	0.960919	0.799827
17	0.942071	0.794742
18	0.928499	0.786754
19	0.909787	0.779513
20	0.639197	0.695115
21	0.610732	0.614727
22	0.595073	0.592825
23	0.585505	0.572646
24	0.577421	0.556568
25	0.570489	0.543358
26	0.561595	0.532592
27	0.559984	0.521949
28	0.553953	0.509733
29	0.548467	0.501887
30	0.544741	0.492217
31	0.542279	0.4848
32	0.539138	0.475666
33	0.536397	0.467084
34	0.532676	0.461928
35	0.531195	0.454863
36	0.531756	0.447018
37	0.527552	0.441602
38	0.52692	0.435915
39	0.52574	0.429033
40	0.521595	0.421306
41	0.519351	0.418415
42	0.518648	0.410416
43	0.517609	0.404151
44	0.514679	0.399171
45	0.513339	0.395969
46	0.511642	0.389869
47	0.510564	0.385227
48	0.50857	0.379375
49	0.507968	0.374566
50	0.507841	0.369996
51	0.505735	0.366881
52	0.504322	0.363438
53	0.502979	0.356731
54	0.50422	0.354438
55	0.501366	0.351692
56	0.500742	0.347923
57	0.501625	0.342899
58	0.502348	0.33919
59	0.496909	0.33615
60	0.495474	0.330376
61	0.497753	0.328263
62	0.494572	0.325457
63	0.49258	0.321032
64	0.493007	0.316691
65	0.493404	0.316592
66	0.494783	0.313836
67	0.493651	0.308072
68	0.492151	0.307067
69	0.492342	0.302334
70	0.492647	0.299601
71	0.491393	0.297196
72	0.489665	0.29535
73	0.489902	0.290736
74	0.489824	0.288731
75	0.489156	0.287604
76	0.491722	0.284309
77	0.48982	0.281143
78	0.486921	0.279869
79	0.488837	0.277749
80	0.488322	0.275336
81	0.489095	0.27113
82	0.488509	0.270306
83	0.488525	0.266799
84	0.488234	0.265404
85	0.489602	0.263144
86	0.486998	0.261211
87	0.490581	0.259032
88	0.488619	0.258379
89	0.486521	0.254517
90	0.487451	0.253046
91	0.487689	0.254475
92	0.493033	0.249879
93	0.488172	0.247293
94	0.486445	0.246757
95	0.490697	0.245249
96	0.487747	0.24252
97	0.491448	0.242468
98	0.489912	0.239412
99	0.491509	0.23724
100	0.491801	0.236053
101	0.490824	0.235917
102	0.490215	0.235808
103	0.490219	0.233049
1	2.017	1.80032
2	1.85796	1.54151
3	1.74835	1.29169
4	1.5377	1.13531
5	1.39423	1.02349
6	1.29932	0.964611
7	1.22449	0.92627
8	1.17943	0.899454
9	1.1362	0.879699
10	1.10063	0.869212
11	1.06623	0.849635
12	1.03824	0.837977
13	1.0199	0.828027
14	0.984152	0.819293
15	0.969083	0.808954
16	0.949099	0.803229
17	0.935801	0.79562
18	0.920969	0.7825
19	0.901509	0.777195
20	0.640052	0.693492
21	0.610767	0.615837
22	0.593094	0.589123
23	0.584193	0.573532
24	0.573944	0.556318
25	0.570153	0.543921
26	0.563593	0.53199
27	0.557818	0.522194
28	0.554267	0.511693
29	0.550013	0.501663
30	0.545293	0.493563
31	0.542016	0.482544
32	0.541031	0.479038
33	0.53748	0.469436
34	0.533962	0.463588
35	0.53138	0.455748
36	0.527682	0.446562
37	0.528222	0.441848
38	0.526207	0.433859
39	0.521462	0.430952
40	0.521347	0.423396
41	0.522135	0.415235
42	0.518832	0.412233
43	0.516148	0.406219
44	0.514226	0.400638
45	0.514954	0.396145
46	0.51156	0.390482
47	0.511317	0.385196
48	0.511148	0.381442
49	0.510624	0.376694
50	0.508737	0.372058
51	0.50765	0.36741
52	0.504168	0.36378
53	0.504715	0.360305
54	0.50456	0.356014
55	0.502788	0.351115
56	0.501528	0.347073
57	0.502729	0.344102
58	0.499949	0.341253
59	0.498193	0.335949
60	0.498817	0.331462
61	0.498799	0.330721
62	0.497482	0.325156
63	0.495313	0.322912
64	0.494986	0.31758
65	0.494195	0.314741
66	0.495512	0.313868
67	0.494745	0.309693
68	0.493545	0.306522
69	0.493642	0.299866
70	0.493148	0.300208
71	0.491261	0.299165
72	0.490742	0.295806
73	0.491505	0.291289
74	0.490203	0.291589
75	0.489027	0.286119
76	0.492689	0.284555
77	0.489592	0.280797
78	0.489215	0.280912
79	0.491111	0.276913
80	0.489647	0.276441
1	2.02155	1.88552
2	1.80487	1.56661
3	1.65314	1.29653
4	1.50449	1.13364
5	1.36737	1.03044
6	1.27301	0.965214
7	1.20778	0.928901
8	1.15946	0.901807
9	1.11706	0.87783
10	1.08305	0.85946
11	1.05994	0.846154
12	1.04106	0.834192
13	1.0214	0.825712
14	0.999273	0.815371
15	0.973432	0.804585
16	0.962051	0.797064
17	0.94258	0.793629
18	0.918635	0.785606
19	0.906467	0.777008
20	0.635531	0.691818
21	0.608749	0.615277
22	0.595253	0.589158
23	0.586456	0.571264
24	0.580596	0.556528
25	0.569064	0.54404
26	0.564971	0.531784
27	0.559545	0.520517
28	0.556191	0.509834
29	0.550337	0.502925
30	0.5454	0.492172
31	0.542092	0.483251
32	0.540995	0.475755
33	0.53518	0.467261
34	0.534271	0.461695
35	0.530591	0.455876
36	0.529677	0.446648
37	0.528232	0.441415
38	0.52655	0.435161
39	0.523775	0.428998
40	0.52247	0.420558
41	0.522133	0.414348
42	0.518407	0.410418
43	0.516718	0.403932
44	0.516446	0.397783
45	0.516879	0.394604
46	0.515104	0.389529
47	0.512428	0.384248
48	0.511957	0.381097
49	0.509597	0.375481
50	0.509647	0.369755
51	0.508019	0.366017
52	0.506393	0.360768
53	0.50489	0.357154
54	0.504612	0.353692
55	0.502833	0.349961
56	0.501337	0.344938
57	0.500266	0.34136
58	0.498497	0.341209
59	0.499935	0.334611
60	0.49706	0.332262
61	0.496033	0.329432
62	0.497069	0.323392
63	0.497044	0.322205
64	0.496023	0.317259
65	0.49445	0.315232
66	0.494505	0.311787
67	0.492978	0.306903
68	0.490565	0.306259
69	0.491977	0.304302
70	0.492356	0.298216
71	0.49149	0.295418
72	0.492375	0.293726
73	0.490043	0.291414
74	0.490149	0.28973
75	0.491288	0.286924
76	0.490217	0.281384
77	0.489628	0.281127
78	0.489669	0.279275
79	0.490522	0.277081
80	0.490906	0.275081
81	0.488831	0.272389
82	0.488703	0.269827
83	0.489921	0.2663
84	0.491915	0.265087
85	0.493278	0.263564
86	0.493459	0.259814
87	0.490116	0.258807
